16147 152421 
535389 648842 
119398 32532 
340183 188769 
220727 934653 
893485 482256 
379476 729226 
125895 265981 
630582 818713 
774332 260763 
824341 777479 
72689 385908 
386408 14999 
148041 566715 
110753 492044 
314539 495709 
48715 429896 
174042 155353 
120046 563604 
245656 193302 
467708 162493 
221298 230734 
774219 751258 
187376 260608 
148238 321786 
198543 376597 
531670 49458 
156906 140341 
770155 256634 
881413 233209 
463811 755887 
88639 124539 
975647 142467 
173156 118869 
596607 176374 
671303 397178 
287824 585249 
620080 249578 
784596 138694 
819730 231364 
754917 267349 
585868 271069 
356118 735473 
893169 213325 
151254 988499 
216264 245079 
32812 451846 
148642 529433 
149243 239511 
33996 150034 
125610 94076 
187198 294178 
637008 353249 
26364 419740 
185745 843667 
188840 193676 
121891 695138 
130299 164249 
117001 22877 
178819 176237 
433335 299462 
195141 26221 
685488 867347 
390674 682078 
130971 112681 
486248 958631 
449412 159501 
665151 126204 
291007 629517 
350417 199941 
742054 258442 
180206 171709 
133339 689795 
625721 168807 
125121 144138 
329105 941513 
228497 491865 
249970 123045 
141971 119982 
747748 174393 
238891 87937 
189923 154306 
72850 595102 
476026 168895 
456761 295373 
119273 345627 
191046 131690 
153295 165933 
499564 199198 
295284 159167 
284081 964325 
535687 198103 
384213 286188 
251387 252195 
226777 833546 
750044 628523 
243931 415772 
383862 261924 
668727 191868 
53807 195051 
283313 920486 
264577 933123 
164224 141544 
562039 126116 
676628 644035 
443278 954954 
372914 579150 
753614 186572 
941078 195580 
353684 528088 
626244 647510 
150582 573522 
225742 118047 
817927 228878 
177785 549776 
167908 798019 
640233 747343 
754900 880871 
174738 136802 
8637 368523 
44794 175559 
179730 587534 
475259 464918 
612988 467298 
991159 467649 
385831 258859 
175310 519461 
115359 431735 
475336 875225 
370760 515504 
358248 284937 
567531 264066 
433318 175065 
477026 294172 
541273 185740 
17248 473825 
123580 919457 
177874 163939 
267903 640244 
126972 289037 
155520 67211 
342765 35448 
191504 441499 
480864 921735 
593728 2859 
29987 245091 
513719 165034 
325321 111366 
74367 712001 
248423 757053 
210599 313688 
483826 854245 
863718 337304 
183121 468077 
786214 29987 
176613 825382 
370325 242681 
398617 774136 
57698 144852 
26721 234715 
613934 125890 
132815 621312 
948337 475485 
560123 19260 
944529 889314 
579626 577163 
66765 296338 
164385 745677 
342004 77479 
210719 236309 
736253 584630 
488533 168057 
71154 687677 
141168 611423 
147582 523519 
173364 171442 
112668 765746 
413142 139765 
232459 634788 
183472 416147 
346532 226825 
110331 580144 
721455 659617 
889683 226373 
74712 358367 
470035 343123 
330170 649532 
966931 682180 
562289 270497 
456392 199799 
120196 253689 
269705 214205 
565436 673100 
143657 38339 
864301 651900 
294880 135588 
146858 161636 
179540 260412 
142698 168979 
294488 495887 
286545 117744 
1644 455600 
561414 197902 
478519 531724 
251172 293701 
123212 556594 
372289 134986 
475146 331830 
190292 55532 
55646 19433 
214253 249435 
224992 365179 
133333 185574 
125956 237088 
224445 27107 
391948 115620 
78502 682840 
447508 510506 
694805 244187 
786553 781805 
271693 37911 
772464 161386 
323137 222362 
146036 316092 
42813 181729 
413665 144548 
364024 418372 
19485 188971 
687404 335376 
251244 196462 
346978 151724 
349031 956138 
142186 180997 
159221 241283 
216531 13826 
63718 578889 
381458 111169 
150118 744380 
597946 34567 
285283 123516 
25512 232989 
341314 388265 
124800 149767 
166165 246157 
566697 294023 
820123 121279 
260240 871530 
67020 732213 
675325 263113 
241497 236190 
498315 586802 
634241 887255 
829000 198192 
127597 935016 
631593 122741 
291304 683732 
655566 828167 
15440 436650 
9405 346258 
321001 356177 
31688 421906 
543094 567977 
992093 114608 
310160 34038 
178892 335167 
373169 361853 
534223 777253 
360497 115989 
278988 353249 
911960 435579 
115804 138610 
443730 862343 
110926 18070 
691431 42485 
731136 98622 
145757 357837 
765336 636073 
66985 592199 
579031 136147 
778872 286247 
31063 159726 
247608 460051 
395535 474711 
223659 419395 
236880 354832 
24478 262436 
999614 268427 
18099 128988 
821551 125906 
165182 446592 
279392 134279 
23519 17779 
525084 880151 
931993 185662 
85290 972274 
773951 766948 
492716 224236 
131500 530587 
173822 722693 
485856 151671 
663824 437203 
143120 999096 
789938 125395 
261448 435359 
913340 383701 
782822 135921 
630023 141406 
34223 57198 
898590 151896 
112669 422453 
682245 843541 
428469 387414 
220441 684500 
175499 545998 
553923 350155 
175655 11566 
297432 679907 
234037 130352 
779758 884536 
290930 238577 
342319 18545 
678984 229467 
796353 122248 
117173 770000 
696096 763325 
713946 686469 
791128 332775 
825501 799958 
165659 837621 
216787 379560 
195146 244240 
159470 922306 
645968 344372 
310559 680537 
116018 997454 
249227 380518 
179029 561301 
363703 58930 
180605 761956 
250874 518462 
127913 178725 
427445 328397 
167295 12149 
935343 757250 
262548 152586 
687255 591806 
182604 112894 
528547 236482 
311945 115948 
265553 824305 
384474 420728 
480775 165592 
595078 491996 
133059 14875 
188143 991433 
170883 450430 
214728 32247 
375389 941709 
162374 932237 
392245 190256 
515968 180533 
199311 840346 
299188 145739 
141294 144518 
138104 514838 
398064 781668 
140693 152527 
416122 110409 
713577 293708 
373533 875040 
756458 865241 
373842 376305 
271848 192451 
559861 599416 
794615 399153 
759445 781656 
116512 224016 
954906 189995 
180177 794109 
542273 19533 
155401 452982 
115935 33193 
296468 859820 
287448 420936 
448948 760082 
285658 12168 
444748 344360 
311279 229591 
486998 429986 
669262 648842 
737050 617480 
627464 196044 
147679 895859 
91845 480644 
976457 219858 
414558 280583 
514029 390311 
163308 193034 
119315 926108 
66628 261655 
666389 180051 
189571 784393 
679062 183533 
79561 881555 
235839 194925 
143603 22305 
646867 465447 
514909 733688 
696465 49048 
170084 484023 
48709 616826 
152693 193855 
220839 455059 
188553 214979 
171401 122712 
363 381577 
846885 254159 
219965 271343 
27500 48423 
198574 295427 
142459 212646 
233578 834986 
142763 899584 
876885 179081 
540351 560337 
181051 150951 
231436 397434 
549133 279940 
117239 122331 
385248 347335 
624632 13083 
536418 148386 
820188 684839 
168741 220970 
157311 621966 
39000 242045 
143668 598785 
227908 396083 
730594 265231 
537977 169936 
134742 114365 
398272 576806 
149404 186055 
166332 296587 
161112 276012 
132732 291744 
218834 191238 
340635 230752 
231484 319995 
230366 553720 
487081 882609 
884751 177160 
388723 266303 
593115 48882 
239498 151218 
154360 49244 
567756 839394 
174005 297320 
247144 425738 
429177 283022 
885857 445557 
51528 142013 
384094 399391 
288055 430230 
275323 427761 
657898 151897 
24524 564323 
592627 333788 
486831 220578 
436888 723103 
717885 124854 
610995 169217 
186827 237404 
493442 170127 
376335 484624 
63409 885078 
173625 626822 
627952 522483 
132934 567786 
153491 123646 
598827 356593 
11524 918064 
258068 182413 
334317 234489 
33579 428742 
155585 140906 
980080 142430 
51873 684072 
934575 84355 
124914 859880 
250553 1918 
122273 245382 
257592 41682 
379934 193611 
151112 271145 
174291 177940 
211408 385903 
792967 859773 
649271 214288 
160291 460402 
18838 158168 
52450 672231 
540482 712548 
173572 266308 
541642 557665 
785797 277208 
454488 168842 
17553 116500 
799238 132261 
126579 193432 
652436 990962 
257646 34764 
15744 591574 
919974 189552 
352071 269260 
456029 545825 
127984 345747 
190750 361425 
54908 14018 
376490 165319 
197366 267891 
296623 273443 
660385 831648 
558778 443218 
347942 520913 
893735 236488 
911549 277173 
569244 414998 
23216 173454 
318389 534651 
292595 814548 
133012 410482 
237207 163237 
219078 17653 
284075 663973 
129637 170961 
328314 25733 
142745 252951 
446104 168050 
215241 212610 
527160 727560 
998804 481476 
587962 219358 
790111 142103 
848367 721925 
641595 150135 
535984 340785 
196300 680038 
674605 813643 
633789 118773 
128560 384778 
298265 549324 
118714 112318 
215288 514511 
420312 917600 
625685 436269 
977069 351679 
118547 38702 
190403 181087 
779479 175630 
131030 256104 
155448 650246 
376710 462550 
338505 364643 
166598 722353 
335638 287448 
572766 199912 
518902 442278 
550972 145547 
411309 129924 
19242 151445 
291072 485933 
818772 453440 
255765 159078 
132683 714220 
484457 441820 
699809 747843 
160690 926828 
21728 116656 
632390 218441 
18759 949034 
266779 299324 
428385 143388 
753376 315735 
214389 477883 
378495 34246 
261417 497898 
610305 191201 
313915 177724 
111973 189339 
148368 114722 
273091 357235 
161470 172388 
162649 211991 
293583 650205 
220935 279731 
167468 134463 
594388 423001 
185847 156598 
487022 277768 
438726 840459 
181134 733938 
970733 8684 
829952 189078 
170543 794984 
130435 225010 
18361 353975 
965901 569363 
546176 53652 
289352 189321 
256503 379542 
395702 138349 
298599 642262 
328599 229568 
415712 49726 
21092 181217 
863706 238737 
836176 846183 
147589 812614 
925680 863533 
114036 788665 
480239 721812 
142222 185764 
219869 270385 
783911 221155 
325392 237243 
489324 237148 
18640 912037 
658576 941751 
182823 444474 
397076 517670 
918356 356070 
886006 826073 
293553 179308 
933010 161166 
487712 447651 
640905 266475 
96271 310042 
335376 92035 
329028 138082 
990724 255706 
449989 256628 
662099 126818 
18790 992266 
236618 392495 
687409 336322 
891837 368088 
161125 829964 
163248 252136 
64872 113419 
192570 145196 
613922 386004 
356558 620925 
437144 151380 
964277 256152 
174470 611751 
264220 384474 
512232 47971 
466025 1250 
164415 492478 
378697 525268 
327314 226438 
954305 741381 
330468 2948 
790736 1882 
421525 329140 
154318 977956 
372623 44657 
460408 129085 
113638 887226 
331026 133028 
350144 266065 
180211 68055 
319858 138253 
142073 743589 
465257 173733 
3158 976213 
650496 179563 
921212 228841 
837455 579632 
147316 486683 
283468 551519 
866699 516843 
326784 897781 
259317 382719 
455428 432854 
49964 943691 
295962 33169 
323161 684274 
191815 842649 
886387 144018 
217234 649651 
63724 192291 
110902 611233 
164813 180939 
833010 162768 
146679 532515 
993765 311505 
219500 281552 
388389 464954 
539060 338381 
478478 134107 
932993 121325 
148298 72350 
148672 263934 
454214 996817 
640358 930012 
849033 567251 
317562 321239 
117685 182116 
470267 324018 
596839 160429 
274537 494513 
324719 155805 
36162 885155 
443695 155049 
148672 411053 
297456 114328 
512696 12125 
337774 432795 
631218 750758 
227129 286460 
934528 162981 
394030 579472 
171865 32515 
13571 367565 
594513 244436 
37411 94195 
179522 191701 
156382 126920 
18795 830208 
288406 247840 
729910 287657 
293446 461693 
170115 588194 
830696 115524 
396273 592639 
331782 739918 
389633 75480 
138610 664645 
136325 133619 
453726 113972 
412862 834266 
288585 431003 
17147 638400 
145876 188180 
145465 493216 
265124 562413 
234191 150045 
233620 27149 
383356 689581 
13679 129704 
117398 934355 
737443 379363 
965782 119939 
196248 155989 
152896 142733 
12774 293274 
29963 586326 
74367 3236 
322887 144097 
450680 322042 
342319 325797 
14191 245531 
215413 462942 
350072 335483 
281231 819575 
72070 575057 
233792 121622 
876349 472760 
176380 163712 
930446 165581 
641494 123140 
396285 165415 
199347 762890 
237939 32740 
613256 542083 
447907 972429 
124914 459313 
350393 126056 
178950 931993 
45175 158804 
361347 863492 
124462 218888 
217233 142287 
118499 273722 
17992 184181 
458808 220393 
161732 149327 
174269 265898 
515147 725114 
882739 488848 
62153 670869 
657707 597191 
222922 331592 
679544 163696 
121052 144501 
197181 175655 
11757 195385 
564186 190714 
457641 481149 
434663 22151 
695079 16064 
234167 353869 
776343 373747 
82850 615517 
284646 860386 
318466 278529 
251701 165130 
143048 488634 
279154 195152 
939597 790664 
410577 386610 
362448 178123 
615124 626429 
317692 790188 
869912 157656 
367434 222356 
814684 14428 
293226 180635 
11262 145489 
299087 517581 
220043 660813 
326225 52278 
227527 127383 
462020 79097 
277982 195497 
868751 521591 
374883 150195 
15196 155257 
266577 479025 
119778 457665 
173012 227111 
276471 666162 
15457 193570 
760909 726001 
350477 13803 
410779 193112 
32836 167473 
271485 297236 
573272 681323 
150611 356849 
42242 115690 
61933 347603 
84576 598256 
594727 244478 
225914 149232 
136243 12619 
122522 837496 
68978 922098 
162298 693925 
767745 211123 
572594 188638 
496994 439839 
370635 417360 
448841 137968 
653679 463811 
648342 378751 
157382 550853 
667091 663652 
439571 732302 
125074 213289 
666858 455100 
495364 162975 
236803 259794 
317039 376870 
185370 292226 
243288 317502 
173220 250631 
354118 921200 
318597 240457 
180087 796359 
387586 566900 
666847 189857 
470291 151207 
159869 2955 
148386 663729 
17939 725941 
4944 153264 
633223 138772 
542309 173733 
125259 25019 
32664 123980 
880901 396047 
18235 330735 
887279 127942 
895990 654197 
183307 146100 
888874 475515 
593817 141049 
281428 222535 
118612 592217 
176683 485118 
370599 356754 
146113 159911 
920819 766627 
191041 717171 
183259 198538 
254456 29552 
275292 174209 
164361 262679 
218127 176606 
399670 155870 
346442 168896 
348459 380114 
761700 915559 
41242 238636 
41117 617397 
171204 332056 
662092 113888 
497583 185055 
596221 284675 
46877 887749 
149397 541024 
243164 184543 
111884 74349 
656244 169472 
285646 796049 
861474 18605 
426422 462116 
14546 261215 
188012 294577 
514808 535222 
342284 556178 
116309 323036 
242271 251351 
224594 125222 
683000 116809 
178813 794460 
438024 853662 
16898 194278 
445712 149344 
697953 480013 
920069 240485 
281754 391531 
330277 290727 
568709 211058 
237011 212480 
58858 950908 
371093 451144 
911335 642916 
527053 593109 
547431 577324 
661605 180236 
190535 184537 
235268 694311 
252963 151593 
263214 521460 
18129 891480 
459004 169198 
311053 879985 
244044 474003 
216734 359146 
675087 241610 
845398 968008 
181431 19568 
32485 814078 
228217 22960 
38809 536168 
980443 195379 
575825 348977 
144060 578210 
152265 111581 
555910 320222 
72701 568262 
226545 978545 
485225 265523 
635735 540917 
223237 15528 
235910 978985 
780734 66747 
963920 338553 
515903 490615 
711269 217121 
115256 142483 
178915 438298 
372640 26916 
294630 413148 
359336 771601 
117750 263143 
589462 854436 
224439 218323 
719783 439178 
229133 398266 
127227 682084 
547360 274573 
591127 120797 
548586 542350 
466120 276518 
22228 134486 
930470 488985 
739442 55407 
959589 183740 
154045 98253 
374836 556862 
313344 886422 
120607 194296 
697477 118273 
413154 665835 
246662 936146 
495804 990754 
434514 116721 
297242 218501 
296142 624912 
389467 269670 
545325 281832 
37090 395654 
45746 167104 
292018 135647 
191720 438976 
210088 893544 
374134 177588 
128310 522275 
732165 22413 
273579 442130 
278636 165218 
148684 321851 
394476 664056 
858827 151408 
232989 425220 
850913 239093 
918921 652406 
195372 537096 
151950 791224 
126057 149606 
432747 295302 
272419 211481 
457260 474527 
312254 979247 
232995 532729 
197247 986857 
159549 385183 
658981 17885 
459408 155627 
126800 119987 
964878 474670 
220518 313873 
556083 371057 
137825 496375 
76277 340267 
253159 28600 
164916 718432 
16963 262512 
174262 334781 
182806 883097 
214753 135571 
37292 148809 
964836 659088 
173131 318306 
533265 893527 
8565 879711 
612679 466780 
120594 763890 
465019 297462 
28458 274389 
127389 517474 
465691 366322 
586463 646313 
97836 247097 
33704 247691 
210064 414891 
29059 433134 
449692 211391 
91280 226706 
349322 149344 
49423 185126 
499772 134636 
18747 76128 
164099 466786 
646712 161785 
110450 142109 
188868 582036 
260918 636966 
579281 18713 
735919 21265 
357522 223403 
862897 125532 
558968 211741 
191600 552673 
35680 656077 
185192 316461 
892099 41653 
760064 230317 
159946 458224 
279529 692764 
632325 240927 
774909 835265 
572171 243586 
786154 175244 
271729 870911 
173095 199775 
145221 184377 
945547 823687 
683840 569339 
144472 312184 
858541 686600 
885792 242188 
3349 274650 
153152 453774 
870947 722175 
115882 235607 
198508 520699 
189815 983722 
694972 435608 
149035 292708 
954739 161333 
173888 396226 
562973 244925 
764497 946285 
63682 684839 
287401 460342 
184972 123854 
883198 310904 
326784 568173 
220881 698202 
231555 286967 
65860 756756 
326826 257913 
71077 164855 
866187 337821 
642012 168633 
118363 272407 
225980 580697 
139223 393929 
285420 158133 
168711 954954 
234375 337345 
581989 143293 
72231 647414 
316193 558742 
990385 260727 
399605 292066 
25328 416194 
130268 652269 
825936 362377 
872958 16058 
215015 198305 
167253 157150 
447473 161446 
672535 556458 
347282 338333 
231091 250655 
237642 397974 
261305 837026 
167 541399 
137075 940823 
750205 792366 
259693 350667 
128210 190630 
425845 551418 
225005 353821 
252624 14660 
198711 157459 
297433 378769 
152760 171377 
961130 115531 
54598 965443 
735646 518480 
242366 175350 
134029 231882 
340219 182105 
110783 478353 
229788 220191 
613482 242759 
396862 339100 
920706 572897 
583470 172120 
192314 183365 
413183 165999 
111639 264970 
649151 516474 
616248 448931 
162671 122450 
224713 828786 
753162 937306 
926882 748997 
334769 351018 
236749 531706 
144345 28749 
141115 698780 
196188 388651 
677128 198930 
734200 241866 
94677 566864 
984162 831594 
461205 257765 
144732 199407 
140294 151503 
33639 86509 
371218 27708 
111829 294463 
838930 281100 
435757 169253 
68091 971994 
168454 669922 
477919 161267 
137992 15809 
238927 215366 
168621 127632 
128924 215508 
219281 297641 
53533 293744 
392079 310071 
779276 781763 
177308 654792 
88163 81844 
169598 248620 
192004 810192 
240004 55020 
149493 86390 
122873 110699 
326184 238701 
282070 561247 
390996 460217 
193266 257032 
371748 826227 
227783 15666 
28481 32735 
765532 219632 
133029 136224 
181540 132208 
1103 332996 
34871 734360 
588194 268784 
179777 266689 
449835 657809 
834956 463871 
84218 289953 
188448 965342 
144221 281975 
136463 149064 
124794 621121 
166664 232811 
895454 342784 
115709 539607 
640631 258877 
689034 965098 
71148 644873 
218227 224790 
527196 115804 
185234 515308 
226629 826025 
89276 153979 
991902 531908 
249226 496333 
342944 427422 
190284 25477 
854126 535805 
942750 891622 
148881 644189 
148088 893979 
659159 140169 
128597 979961 
292643 249875 
570505 559623 
334870 393929 
215984 733182 
563615 975570 
4944 924282 
523305 226075 
199692 520514 
126026 192588 
682084 761712 
542815 137683 
139973 116589 
33336 594460 
811710 355492 
416402 737068 
164047 423447 
963415 913417 
269580 381267 
844785 918463 
833998 172530 
332752 353868 
124616 445254 
193004 367987 
773207 385105 
596018 132131 
129317 853918 
188036 33592 
256842 765621 
536692 243139 
158971 354808 
762355 196759 
492728 165302 
336298 652977 
161445 489652 
265220 187036 
125295 739537 
158740 280874 
344319 144227 
386462 79526 
675688 181587 
712161 17314 
979331 389913 
319210 181990 
373093 251362 
284938 291470 
158168 766139 
117911 325541 
73385 872422 
136242 250166 
589890 295844 
384457 564865 
932505 156222 
558082 118178 
856441 228800 
556755 131715 
763449 41986 
557665 16962 
377501 158418 
19110 236660 
680722 184121 
353416 121196 
763836 459920 
775956 240747 
12947 230252 
948510 421109 
522163 164862 
556029 734961 
757553 235208 
22996 195420 
169656 32074 
558177 142579 
455618 86676 
62189 583268 
423727 728756 
162683 714220 
586594 96974 
432199 121017 
324226 293179 
138366 121713 
19367 269670 
188262 517099 
184115 282587 
124949 174893 
493662 435704 
636216 188763 
337280 198727 
930172 168425 
164260 425875 
173382 472081 
194087 662289 
231121 347430 
480429 250767 
478966 513874 
25709 587962 
5332 81821 
459551 194628 
140592 219602 
95641 577425 
192838 59418 
214360 191474 
2366 988505 
455642 358158 
38102 686826 
144125 590420 
134480 141758 
145316 884637 
112122 317497 
789683 192373 
266511 846427 
629219 585356 
218198 15946 
882162 867674 
341784 199472 
174631 564323 
126110 259638 
153901 415938 
47828 87479 
338969 748390 
439167 823544 
427481 761022 
590830 329914 
293488 679984 
276513 168991 
596721 238457 
34055 296320 
364102 159888 
364661 16558 
731225 343581 
850277 160113 
527136 115501 
542814 638293 
121504 574741 
123088 839686 
266933 591121 
431688 262024 
55318 397975 
332407 255741 
633688 333014 
189541 641583 
539649 153223 
126967 190798 
627089 731826 
758470 488372 
371932 628767 
299360 766103 
170549 891010 
671517 268391 
16689 196556 
741143 271205 
31842 11716 
728934 162040 
24430 383029 
285985 525572 
796793 299598 
884388 11727 
875796 121177 
18123 262340 
687838 22627 
282570 557838 
213438 316205 
384242 157578 
198234 155259 
269046 165015 
559462 641054 
590812 141681 
113110 381886 
161214 193082 
344777 564306 
349918 231383 
799357 151468 
356540 398427 
145268 346437 
252047 268468 
47061 573385 
150850 337631 
463163 57579 
912579 66378 
743131 6803 
466870 162344 
259776 333025 
792140 133072 
212051 883650 
797560 148220 
291714 529653 
366149 484993 
135753 256575 
248679 383475 
212123 821170 
891748 634693 
127900 27238 
14589 154378 
131221 753585 
621490 514071 
529701 135201 
134100 166236 
24144 44164 
190969 729238 
292821 331806 
184543 869382 
399647 166760 
17118 131821 
491740 784209 
645885 28410 
132582 112788 
738513 175779 
386777 240159 
147869 664960 
133059 743220 
285146 889790 
444129 277750 
985625 385861 
975975 951372 
553119 895288 
565019 711304 
370790 122778 
322548 893378 
121094 299782 
221077 762194 
169424 822937 
97604 984501 
421186 587540 
779205 538096 
114109 177065 
795216 13422 
259722 986197 
398290 979961 
345033 394559 
257485 938127 
42337 625132 
198187 19759 
924437 420817 
114673 411030 
337994 747962 
354440 332353 
135355 248012 
55 390394 
171680 228271 
372295 282320 
261144 411184 
473075 941614 
22335 148220 
212253 81428 
198259 544004 
272193 315925 
459057 956072 
723752 17576 
138177 262322 
920319 244990 
487194 296724 
553816 675355 
131720 453988 
643398 297938 
146149 371034 
742268 273918 
266719 214307 
13286 342682 
162601 252980 
294737 396184 
296475 21817 
237207 187161 
966193 126805 
465418 165046 
189203 663235 
245544 290620 
116083 138688 
222732 66681 
887481 310773 
475164 463347 
361020 332889 
784869 480001 
81595 843982 
177547 71862 
157608 237071 
878485 245806 
193741 456278 
595769 782763 
115246 126247 
235928 195193 
146607 277161 
227224 320436 
759427 12442 
314986 148333 
16600 396970 
148166 376139 
327320 234435 
365863 495667 
16897 69906 
858523 220173 
181212 633509 
668078 567959 
319948 577883 
219792 192873 
648265 982252 
121118 434710 
958797 243146 
438102 779056 
577597 287811 
149034 433146 
122784 240064 
449151 128996 
827156 252303 
827863 128525 
449769 230115 
196920 56139 
83719 557005 
183466 122136 
354296 464204 
81226 132054 
261519 57288 
176017 720295 
588105 510245 
336375 48507 
870328 768525 
191291 240504 
485338 124027 
148345 179748 
67151 14006 
23007 2193 
913971 712179 
111497 140068 
130441 193189 
486694 123373 
221613 269742 
52896 182569 
519152 155050 
943589 260716 
223279 651484 
160393 385177 
167491 123557 
686725 346407 
181062 25061 
353190 146042 
274114 88276 
61011 989029 
566787 244222 
147851 647848 
365233 681400 
236321 298027 
118471 435668 
583155 115923 
226379 290662 
48364 920629 
181978 516058 
672368 217460 
270307 130733 
562913 143822 
342593 326838 
722127 161041 
344598 260294 
333496 11608 
160643 176445 
145281 449525 
521502 916119 
268017 746409 
682709 170882 
758797 264786 
93481 364828 
25519 429897 
543665 231407 
120434 786309 
322137 531878 
172768 233393 
110645 489086 
127704 758499 
190065 367381 
420817 519485 
894372 139289 
227979 784256 
394054 977510 
567709 537709 
766341 172192 
278512 298391 
718742 350953 
174531 12572 
262840 181913 
910859 926596 
675640 580108 
649437 180134 
528880 137296 
659814 438923 
86259 322911 
352720 143519 
148190 288579 
479216 146178 
845677 194860 
176702 212575 
262400 263982 
218608 172863 
248513 84522 
338630 763384 
557398 32794 
821092 569726 
339196 196730 
578097 122217 
255992 117941 
193403 317901 
245168 184014 
332038 346645 
492977 375299 
135106 239255 
270837 391804 
471379 174501 
372366 328861 
881032 49060 
489610 786321 
836586 377537 
64444 157971 
178570 488009 
122653 297290 
119059 19925 
147017 292892 
364965 972940 
155769 541898 
227349 136985 
422304 238118 
928030 75730 
260454 770774 
592889 723805 
968972 585755 
126901 264762 
829529 266927 
935408 495494 
756756 884947 
134880 894425 
170401 220792 
162505 235499 
196931 213646 
794579 332972 
281564 265184 
376924 487860 
130341 685755 
141472 178081 
398713 252434 
641345 881288 
59221 940364 
791015 793246 
113371 113686 
937616 793913 
146863 482470 
363114 342968 
438304 264583 
215645 557511 
621806 22133 
315533 896442 
219917 690075 
755304 363775 
45003 135475 
140330 43830 
131793 318639 
162226 131007 
977480 650240 
212867 12471 
188560 41295 
383058 996924 
285497 6850 
293113 486189 
142841 34323 
165943 235577 
322149 133380 
117501 141122 
985518 238272 
125724 138992 
120379 610138 
263149 289156 
237993 852425 
569958 112686 
543654 176124 
163839 593674 
447437 329164 
157233 191939 
352773 36816 
468857 549252 
268997 18879 
217305 17182 
469940 110051 
97224 11478 
231496 723198 
19687 26298 
110550 729951 
445640 169913 
286758 559551 
266422 122623 
968704 137884 
296564 372938 
432616 114400 
843554 127693 
856851 241492 
127389 160423 
11097 168026 
721545 828720 
389395 183865 
279493 480524 
470285 666305 
168817 985042 
167217 172685 
219685 139169 
322977 55955 
134625 223606 
684786 35709 
173602 491543 
388300 6309 
773909 151973 
280011 597833 
115079 214045 
415908 937907 
150004 233447 
440238 44717 
478418 167961 
485903 124205 
94302 657000 
1673 461853 
41152 141283 
289323 356992 
257509 370950 
168878 81029 
216699 397225 
527375 465239 
44008 495721 
815797 643481 
698161 163665 
476681 380643 
176309 23276 
113567 1335 
118577 391727 
15933 278511 
157650 876986 
33276 298706 
326183 573855 
148534 345830 
211944 534431 
141217 112627 
196461 288829 
127632 217335 
240938 276936 
432895 491734 
73980 174881 
628494 685975 
635074 411268 
25161 732177 
287532 254236 
28875 383606 
74468 720765 
385617 714327 
43533 353541 
13358 398909 
737121 28119 
217323 190291 
952717 270944 
21877 151236 
669304 417943 
469850 392037 
17349 557332 
174838 956608 
16077 595935 
294011 245501 
562134 149142 
72463 126639 
442249 452126 
772404 969787 
198461 842863 
253921 767120 
28244 982615 
296063 982413 
197401 792336 
18462 126538 
377685 17373 
160475 174447 
526351 114633 
195033 666620 
236237 176629 
947373 190399 
369719 35460 
927709 275144 
171966 531474 
54306 293702 
682822 729511 
634562 344235 
384701 116590 
299539 441981 
297498 291525 
328558 95034 
124272 435406 
270652 194807 
380982 225141 
394018 184674 
243015 125211 
713988 673641 
722455 168485 
875736 16136 
37858 392233 
423471 160286 
780859 27452 
115757 469761 
192713 340820 
368183 643077 
359098 170621 
746439 313403 
170086 166200 
92386 116649 
658326 197544 
954026 959321 
715333 198782 
573308 832266 
952134 238016 
311993 25643 
38905 835872 
3146 250018 
173138 137586 
111574 4950 
822550 298860 
339808 193641 
448234 269015 
179319 372593 
163712 919153 
358283 121391 
337518 633378 
178439 180527 
122320 728101 
45324 141216 
132762 118903 
392007 390347 
557029 625846 
820563 689123 
183378 974321 
183925 131000 
345390 334299 
346794 976237 
267159 373955 
267742 457135 
837157 157317 
12887 343319 
737443 430902 
743172 134493 
2455 124377 
32663 318806 
695489 428849 
389722 678020 
248322 628160 
144661 631213 
154889 243175 
311035 156513 
168567 145006 
146256 83338 
375198 59989 
285110 310928 
538620 632236 
752448 484975 
353999 453304 
780401 260424 
785066 818623 
190511 443891 
165403 631671 
15392 271539 
373509 941989 
14292 899750 
148934 598190 
416468 212652 
177683 92773 
13030 180350 
396500 11774 
265868 6844 
530534 383284 
561217 351637 
330943 293660 
356141 719628 
192160 35829 
455791 369624 
317931 276572 
640370 157579 
199733 84498 
273663 13511 
593377 299021 
237945 168026 
128323 319948 
730445 268593 
161476 18588 
145327 128186 
124414 455785 
232745 272074 
369576 117059 
248530 182354 
113526 18105 
524447 662473 
794425 920188 
675783 32217 
293243 240599 
375722 138016 
7613 222862 
153496 32664 
147316 487170 
448692 758041 
12500 393024 
630963 746284 
211546 322685 
268445 352476 
125158 737550 
17248 264566 
158966 182770 
156336 827203 
721759 113562 
719212 398909 
156096 18599 
969882 246162 
17486 168117 
125996 452441 
173464 344354 
513642 476252 
723061 544004 
22686 762479 
332323 190606 
147839 168288 
212742 139401 
976576 150307 
264006 475687 
694615 282129 
319864 555184 
53849 173971 
274448 259889 
587885 349810 
167931 344229 
631962 212706 
174405 120933 
133815 427558 
150862 45323 
367648 687648 
73314 125086 
430569 187835 
223636 647099 
345348 157293 
328885 157608 
337339 198632 
329699 163213 
794526 375139 
17141 747248 
563342 732040 
878443 543969 
179914 738103 
385730 212248 
159626 46043 
219774 219708 
286979 126824 
167193 193635 
624459 381214 
264226 719301 
821568 128895 
250393 951449 
315438 648687 
720634 556898 
285205 88776 
113455 163059 
294208 311499 
28303 298908 
753364 396160 
624281 320013 
119916 125932 
572481 219792 
220000 513315 
171132 68180 
325844 744820 
278441 361359 
189780 171001 
574146 21168 
128579 261031 
667620 369552 
115846 269135 
147053 459961 
297813 667150 
119374 340493 
184400 732605 
126491 534841 
387116 982526 
161642 730927 
331639 764205 
131779 119708 
7470 174483 
35632 13720 
214419 662872 
155061 152438 
530944 167181 
173036 162940 
369296 449531 
346300 675331 
137158 955816 
119540 218441 
980318 338999 
579585 23733 
162149 549032 
113574 662277 
45567 145578 
523942 283890 
191184 553489 
338315 862284 
148309 793312 
124629 252987 
435383 813286 
259073 960814 
165468 47537 
239314 659439 
130744 110372 
784351 979759 
577752 86004 
419550 730880 
258085 499165 
146923 219394 
127263 581846 
479864 529112 
18457 196782 
731290 24673 
885530 838597 
588766 213705 
132178 9708 
253528 191142 
134434 340106 
744368 155573 
761224 111283 
848801 558177 
167306 129066 
457249 273317 
541095 615784 
310535 263959 
150260 197241 
255164 186500 
41337 17605 
388503 284497 
179438 642726 
442683 491561 
222214 415789 
650585 333776 
499647 13263 
559391 131042 
357581 312647 
577342 350013 
111579 959244 
195010 291024 
397999 138366 
183681 226622 
87223 155644 
786113 165653 
136225 498642 
16725 294916 
753180 192125 
463056 112674 
627434 414230 
154664 147774 
223112 217025 
987024 437263 
31777 197806 
127871 169174 
226462 350429 
163999 144888 
470231 253999 
319216 166717 
813179 196663 
470933 12667 
394678 441659 
217930 574378 
680966 148493 
17254 119672 
260477 118874 
970310 829309 
780395 367023 
574361 614154 
31158 241027 
160690 814970 
17011 290417 
898173 168395 
439625 27458 
153199 568928 
185584 694097 
86384 436995 
289198 797227 
785928 138664 
164636 87217 
377793 866026 
132399 717338 
538316 672041 
331437 472212 
116762 944869 
183598 219846 
337256 19551 
256051 887690 
548169 855965 
183098 85682 
934801 134624 
165319 997400 
38714 112948 
19806 639507 
16821 240278 
167301 233697 
138658 329093 
247031 160755 
739460 114371 
19694 798227 
285033 747890 
487521 291519 
151301 519491 
535502 974767 
18111 165700 
114257 126187 
485582 765032 
61939 398242 
330979 196312 
292321 87985 
574581 875540 
412517 537715 
569089 322994 
254973 756869 
648265 777682 
123539 747688 
833325 167181 
12613 17403 
626477 850396 
697304 180140 
546343 558409 
348734 855073 
326683 187881 
787695 755459 
157221 58234 
179979 129644 
273424 511982 
184632 270248 
496785 843815 
153806 295083 
187970 173590 
249536 593876 
181200 151046 
411774 267463 
746962 273234 
117536 191999 
252243 975778 
376103 354939 
752883 139157 
268094 439101 
213206 637121 
968329 118482 
275025 346925 
746760 643969 
264737 62843 
216109 115072 
818951 911162 
655554 152122 
685142 2288 
187007 384932 
145430 176469 
393453 155442 
248643 613625 
191767 920093 
198853 148214 
174102 757850 
155977 169966 
461889 187400 
672701 445051 
181294 21365 
1335 573867 
393376 162421 
156901 297807 
580102 722621 
325225 489991 
525310 344253 
1180 831475 
949159 214938 
549347 84659 
121380 187947 
315229 889516 
358009 875064 
280523 132530 
644255 257229 
861962 127193 
261228 28952 
617480 2984 
1198 522264 
278268 119298 
2895 162041 
493507 184240 
278488 299884 
151510 511893 
850818 253444 
2187 122081 
138110 167598 
142633 598446 
149956 532128 
181492 134480 
161637 147750 
128602 753513 
282147 768989 
646748 366470 
689313 113882 
835372 377918 
158476 397196 
263250 974844 
148517 173982 
242491 766305 
19177 130893 
146334 135154 
141497 125372 
156103 148541 
136272 237326 
672433 392751 
863521 476806 
136760 946100 
142602 152717 
759743 429653 
224154 439351 
155448 24882 
22715 48870 
125985 11488 
241426 193196 
14595 521900 
287062 223826 
372938 426898 
382255 261864 
348799 132916 
221780 651228 
884435 154973 
71535 152504 
369177 873993 
849444 157144 
734961 333817 
439197 179135 
157400 111633 
268022 412279 
479031 457540 
164790 679770 
247727 379483 
164272 380310 
99532 481280 
27845 550163 
141098 586504 
111979 877486 
14618 863390 
217781 212188 
973369 711304 
131381 619842 
375841 1942 
351488 144656 
934831 718177 
380595 395648 
785762 338083 
613160 119613 
168944 128995 
434472 596566 
15428 146923 
534496 987178 
940841 377602 
143067 41236 
390502 135635 
195611 111991 
423459 88788 
189346 473075 
551602 517938 
15701 124139 
668197 374794 
289691 1757 
746308 395714 
121814 385629 
25161 269486 
312986 373866 
177856 453036 
344295 355623 
46198 281629 
629630 593543 
126050 391293 
653709 131755 
944643 18826 
626030 354172 
647961 658909 
954311 162392 
177749 122843 
776242 12583 
264684 422138 
613107 370379 
489794 959601 
324809 35692 
219631 175815 
38060 168585 
925537 139616 
666323 245389 
762355 51332 
437156 241313 
175126 113180 
272812 665056 
673879 794145 
89318 854846 
168978 615017 
314373 382963 
341962 158119 
117059 140418 
652305 771506 
439988 935682 
4552 772249 
137296 394363 
217555 410666 
650817 250184 
288002 375657 
113085 356248 
169341 17427 
125919 113556 
355106 812382 
1234 32491 
116572 193118 
340469 164593 
148636 27191 
338762 276632 
430837 194677 
198234 14696 
122105 163504 
126859 125027 
949402 462615 
324851 126241 
47489 740632 
131209 224100 
450715 667061 
566757 427327 
416867 836818 
151634 186049 
525161 326588 
186679 131495 
464930 116138 
811960 324755 
579894 922372 
519051 243937 
32604 995127 
312279 24888 
271717 17373 
129460 221845 
130238 27934 
915643 126556 
331669 623240 
165396 254319 
137926 4760 
943845 394798 
377299 299777 
150349 241569 
140467 152414 
520478 529611 
347752 69275 
116995 168103 
14142 474295 
160191 859065 
144817 174137 
358443 349197 
325547 983930 
84534 241057 
350756 848176 
151403 396077 
851282 296319 
474146 656999 
630112 543022 
193034 196692 
423840 261109 
140693 277214 
955049 766680 
221631 33936 
638662 167819 
418574 276137 
62159 264530 
148012 118589 
941680 119987 
235993 193523 
978819 353636 
171752 645587 
262394 232965 
361888 890831 
176261 44371 
293411 182074 
679234 952264 
392245 1210 
790748 221690 
174833 727994 
1550 19926 
345776 389145 
357016 145221 
149398 130048 
59715 858065 
374973 448264 
567840 211777 
322470 56960 
869614 354404 
298967 566858 
472117 528505 
742744 528029 
815113 175482 
479352 117007 
587575 171781 
583191 39679 
113 78234 
17742 276501 
169817 515094 
147399 559034 
337958 433824 
266160 350626 
497279 73867 
179034 149606 
411190 145815 
264238 123064 
194610 59632 
795745 317455 
16730 356694 
176601 231317 
139312 175160 
412737 594484 
241908 291655 
753388 346603 
211796 355855 
122695 345467 
837330 194824 
941180 678925 
854114 919308 
17422 162862 
198716 42652 
258687 468018 
654286 133434 
145333 793806 
994425 461205 
144126 180491 
159977 849961 
866091 123396 
158299 223559 
336667 124420 
268468 564490 
187036 228717 
22550 251095 
652924 372313 
295493 653608 
135779 34395 
618557 249132 
4653 527238 
356326 544707 
137372 165468 
14590 841387 
548925 346347 
295356 363495 
125991 727994 
228925 185163 
189309 125365 
749247 465108 
429950 292881 
116720 987172 
221113 181331 
392150 11251 
169020 11513 
129371 216859 
113073 145065 
129566 1151 
453078 425458 
281231 115954 
4557 631457 
164998 613625 
396059 544236 
166289 369421 
532854 916077 
471879 370891 
143566 664877 
680537 23352 
516813 333853 
148433 461741 
113538 28749 
18188 519800 
168289 41819 
340612 169079 
424619 418723 
887981 561045 
333847 944256 
356088 533836 
979229 829244 
555708 255271 
324101 135986 
162505 39357 
32878 14774 
419187 146916 
331532 238147 
130739 366149 
459849 325577 
121118 327831 
491948 242110 
157638 143947 
799893 172019 
672446 189976 
431098 430765 
551930 583976 
232043 456183 
222404 448764 
331735 987714 
329140 130857 
58531 579359 
457546 435359 
496417 619741 
316336 918992 
433104 510590 
314867 129614 
941864 298497 
191136 596845 
837098 319234 
116775 453821 
489038 181449 
262626 975713 
435948 534354 
788736 511399 
18349 161518 
4296 933409 
134593 363757 
158805 935259 
116840 13298 
149445 168228 
163212 635711 
288008 69323 
387717 357825 
652138 147451 
518949 230134 
196442 346966 
432931 644570 
838044 585178 
943518 51374 
76307 261923 
779675 990933 
460663 117036 
155003 455731 
168396 532872 
116507 561509 
180497 230008 
113573 11591 
126580 710275 
347353 868846 
448425 86485 
582702 92928 
219239 295992 
840810 270860 
325362 382606 
749170 57936 
414837 966116 
279987 414826 
250654 716207 
564793 74754 
132560 86462 
727548 47692 
342088 18931 
244585 293952 
648925 356439 
133428 269950 
646968 532128 
330979 175350 
190119 113014 
139140 536924 
123456 438084 
534889 273217 
558748 399230 
192731 237327 
329438 129126 
589539 251939 
138278 685857 
29333 422691 
662378 222518 
688165 833861 
544379 746522 
637043 275655 
481821 111443 
112252 424744 
297951 225266 
752412 729761 
769019 396345 
937657 127638 
821271 160828 
142365 37870 
816826 341861 
117398 337637 
690313 517432 
179023 147207 
270943 193384 
925282 558724 
336471 926507 
727334 484921 
951997 180414 
344456 172256 
456386 174720 
140698 675974 
642678 275923 
164737 192076 
161708 26804 
918850 787797 
123807 967056 
178421 185865 
952645 430177 
495643 143018 
256241 892212 
231888 466757 
363578 430087 
386075 628136 
281671 432515 
366315 678907 
159018 419068 
121957 128603 
535139 622651 
17617 270563 
44211 919730 
414141 676836 
389633 376460 
141019 946636 
243990 617040 
23442 616290 
710662 116549 
2461 174977 
194545 422560 
230008 244758 
111460 115328 
285437 438114 
28898 756744 
122747 723764 
595441 365518 
319609 118215 
693002 180849 
232757 994009 
316765 218935 
559968 246376 
369499 150725 
197574 289900 
137634 467910 
481607 27666 
116477 551442 
328551 490020 
482571 114786 
668304 834254 
134797 664056 
561414 394113 
266588 884477 
127271 158572 
418812 528071 
156864 551305 
953413 130143 
135558 312231 
480768 112888 
132018 183187 
148374 120314 
399349 295237 
295254 679562 
984715 470267 
216210 140503 
387354 26982 
749366 687600 
159631 124932 
136147 354154 
266088 286181 
123391 168746 
165885 645129 
191630 26262 
286890 450608 
121309 167539 
136106 264821 
182074 737449 
198412 998876 
480054 53753 
274001 681448 
210344 634455 
47192 896924 
6862 787213 
158025 126687 
126567 124717 
976540 156846 
110794 191368 
161005 290911 
158936 350775 
612286 146166 
123777 188495 
491151 437500 
177499 183182 
157488 123819 
66842 179058 
326266 168103 
11155 141847 
855376 211593 
482202 526351 
215675 160280 
123325 267213 
32997 330199 
146655 964801 
787208 156941 
122801 189642 
665115 281814 
141936 688796 
232353 185561 
486581 813590 
211213 133285 
244180 21235 
454024 370897 
177023 247721 
295178 454613 
697869 199966 
372259 31045 
663895 52683 
175815 444218 
512625 161512 
441820 33544 
825115 488955 
639507 126056 
220357 936789 
518973 578960 
678003 184276 
321346 271634 
340016 749824 
378412 746034 
336530 486225 
185127 582215 
41611 13475 
167877 221797 
23465 871601 
863027 161655 
77836 119369 
297671 267623 
843315 231246 
395446 273461 
283766 884792 
163482 252755 
529588 369052 
515981 9262 
299700 177183 
164725 187982 
380571 187500 
358009 993777 
554554 179171 
157365 142228 
331520 234434 
245508 115405 
712364 386134 
154646 140200 
693336 811477 
564002 199448 
199526 138158 
483357 245103 
650544 133500 
210266 275650 
439137 157959 
888261 274953 
175042 412303 
179653 449240 
144595 188441 
244473 17082 
414367 29767 
148088 358205 
857875 861742 
153104 181556 
191577 227277 
112312 253421 
115607 645814 
493757 273276 
175094 291191 
725459 275430 
467917 241278 
413059 361627 
164177 138146 
432390 1185 
55979 481577 
166462 195623 
663711 36899 
754781 233186 
147070 139301 
262495 483452 
164986 486802 
143334 441452 
962040 164624 
137201 257050 
258276 725168 
392043 259014 
11995 215931 
323673 748509 
277780 137701 
183586 420948 
782216 349090 
41938 162303 
319276 814238 
161720 882448 
249405 652942 
548990 542124 
625685 222696 
247626 555910 
387586 297295 
384629 492126 
122445 36406 
446818 138521 
268296 72106 
224605 421287 
515873 251422 
592413 321162 
169472 317496 
568958 616344 
228098 157449 
733968 376370 
165194 637204 
753418 782108 
794341 264554 
140313 888451 
192529 529005 
485005 832284 
513987 198168 
144661 299086 
755393 157709 
1633 392513 
195331 421180 
249619 568102 
374396 259823 
541648 295011 
156193 399082 
225385 338154 
527708 29600 
168675 153872 
163189 16516 
229420 923728 
459438 873083 
251505 559177 
3361 688683 
662081 1566 
245805 156401 
136850 148803 
190773 150932 
887125 123320 
98068 163243 
165611 114168 
920998 370326 
593204 511036 
481345 277227 
513279 121202 
424780 963034 
456392 34210 
313796 583767 
361508 257764 
198829 272377 
150100 15314 
537739 252338 
473182 467084 
162529 735271 
121337 621026 
128953 230639 
127728 49149 
722520 41171 
341778 813750 
110259 13322 
893652 364399 
983507 1786 
112543 150986 
360336 684244 
115597 765472 
168360 360228 
28505 428885 
110164 392442 
389258 463311 
157811 149838 
257342 489051 
797459 732730 
497952 450311 
199710 173959 
188857 160994 
128287 170543 
199942 617617 
358568 173899 
452994 455928 
448770 434817 
693460 333157 
118179 950307 
659927 690182 
23102 15815 
64319 199752 
184449 632617 
346692 153468 
316806 122360 
132624 124735 
484249 13066 
192652 146489 
331068 117976 
740834 334079 
59685 160773 
319835 250601 
84724 348103 
189232 637894 
645124 37072 
123444 734223 
733075 221482 
531016 764336 
127675 192320 
516302 336828 
246781 14089 
474961 411791 
714048 536781 
543261 358134 
197401 157191 
182545 18920 
596804 685874 
140158 230103 
474253 161113 
392060 841864 
15172 259894 
888921 212735 
263852 719319 
784363 378673 
279779 680133 
235166 13709 
636627 279767 
11573 5659 
455386 450055 
784566 432747 
187811 177190 
363304 443689 
59953 23448 
124075 383582 
294909 631998 
740727 359538 
845350 830124 
195206 254165 
168574 11911 
111128 255289 
120148 179140 
280380 813649 
918659 115851 
117137 542940 
194426 138282 
327736 123742 
146535 127657 
262423 198378 
196992 195277 
210231 326374 
731380 35317 
690741 14036 
555767 154794 
127722 162213 
179415 34044 
733855 179688 
265999 23662 
851365 983442 
180456 159732 
111824 462746 
678348 216621 
182811 249714 
655899 145679 
178492 525506 
164999 735372 
643499 436698 
111384 459360 
299140 182712 
944893 153658 
783346 111145 
110962 170465 
84231 360699 
160178 293887 
141800 237303 
146155 638114 
561104 29915 
172150 267028 
130346 717344 
279309 744225 
346270 18201 
720479 592853 
175471 450840 
429831 564621 
667085 543439 
124925 263851 
12643 199865 
24436 144107 
35543 182318 
192355 542696 
662717 236975 
151241 771172 
354326 735539 
266565 527148 
379209 343717 
58858 54949 
362555 152980 
140567 481976 
796305 567197 
234375 644850 
177356 116149 
163951 275191 
198769 749039 
115531 386884 
475288 562419 
559914 151897 
185812 190292 
445985 120677 
61832 651020 
329646 638823 
211432 129971 
425845 114769 
368892 122336 
11262 47019 
338928 178605 
649491 480209 
128406 127788 
26345 163035 
110729 328837 
117612 173495 
391472 424185 
187667 588367 
240956 219310 
280356 151653 
344247 142977 
399331 274965 
290864 131303 
16601 320281 
166901 448151 
275555 56044 
394328 448561 
251303 6142 
158298 869079 
155049 377329 
96575 749562 
668168 66378 
875153 377828 
13362 263655 
186411 280743 
971465 257462 
590021 331217 
141651 960053 
260014 525221 
363924 227967 
597542 448127 
43878 336590 
421906 232787 
144417 120725 
635383 778580 
723312 188452 
517248 261905 
468613 363346 
719099 762593 
615189 127746 
582352 271479 
261911 945422 
218186 395648 
150505 149148 
879604 389574 
157365 155525 
334377 499606 
985560 193838 
416753 123093 
919022 123379 
535585 946195 
866812 753942 
353338 818409 
348418 598238 
332092 598678 
553471 154218 
648919 649693 
478906 259305 
633051 48507 
772934 25067 
427547 274620 
293375 869031 
890861 346223 
396368 593234 
153301 561283 
124319 240766 
114489 282516 
129631 171288 
185442 469392 
179325 475967 
243032 567435 
498017 543582 
469118 356891 
572112 234000 
491585 280909 
143495 182734 
163481 38673 
56604 486349 
188982 817326 
583565 474782 
797340 14470 
248316 26578 
63522 256479 
499350 159608 
363703 713137 
276114 283075 
237850 571529 
286145 592752 
146934 780532 
766555 152742 
184186 745999 
174138 220275 
315902 166528 
1584 783310 
392162 398516 
571118 249774 
67615 12333 
229443 837532 
131387 144405 
942989 233787 
333061 296112 
27934 376698 
11311 410851 
265035 571814 
826090 150057 
13083 727869 
640923 21639 
678788 130358 
379691 47008 
344199 331401 
54836 563354 
192725 16076 
593394 479525 
184180 592663 
588861 461669 
323250 220822 
255164 45110 
352899 15273 
192522 132131 
423477 55467 
154717 240748 
163862 694865 
173405 94094 
327855 460063 
238409 583417 
328861 278060 
223600 398463 
2354 621413 
279399 2550 
52325 134379 
114019 27643 
274805 363317 
222874 272978 
623591 191903 
571451 368606 
119350 167480 
229276 470225 
213973 236934 
397963 58728 
192594 13673 
196550 595525 
119933 192017 
415677 254213 
21990 213027 
128483 572820 
493715 486260 
6898 623436 
195538 317419 
551936 755292 
793514 251648 
324464 565198 
240445 750401 
274341 120605 
112485 152718 
273341 359372 
169282 966610 
293261 758196 
361925 117370 
271884 56567 
87455 889499 
844476 427380 
479013 776069 
328653 49054 
255652 738115 
190744 442326 
284004 313909 
271116 120743 
743993 379905 
17587 915738 
612952 495227 
977016 287865 
185531 73159 
655167 131560 
180254 140806 
176559 272295 
144447 182378 
45680 274127 
243033 685970 
274234 730624 
473700 377805 
114049 126240 
140377 219197 
185068 166485 
197621 275603 
770964 123271 
168551 811335 
129280 59661 
142668 170454 
376150 157240 
535776 2414 
383189 880151 
130620 312320 
510018 825811 
119570 26161 
456582 264065 
180534 834337 
196807 154164 
156026 177986 
389669 199073 
161417 336286 
188679 272848 
463591 336881 
385676 865705 
445652 319222 
278458 242557 
146179 9108 
188668 193801 
176601 650764 
958030 320572 
142906 177993 
293612 125402 
273550 332698 
18497 932743 
133731 46680 
238963 593912 
313022 948248 
28118 335822 
112943 354707 
144435 417420 
647741 659921 
297075 412820 
134600 180735 
261543 76646 
810543 131779 
186115 558451 
180463 174470 
226938 552768 
289787 644201 
327611 158798 
495845 150195 
412957 583375 
267374 256795 
148850 716100 
172685 154104 
260948 18789 
39845 710329 
189411 813875 
394542 156561 
589575 28232 
176177 14833 
432771 345205 
260050 121820 
113014 57079 
872226 881650 
187054 144893 
274448 394173 
293220 259312 
139722 187685 
172953 819545 
724448 530564 
893158 268361 
118356 391912 
168937 237148 
641773 135956 
784423 446765 
194070 525364 
195658 285306 
449585 168360 
148470 276668 
393905 676955 
269272 199507 
842363 313362 
797453 354219 
38524 128912 
263203 341844 
674129 541511 
274680 226438 
280011 692128 
683072 757036 
285163 577175 
34062 292411 
539982 246930 
122361 423144 
580935 14673 
196569 159994 
569916 896632 
278029 187703 
166723 887404 
255646 42872 
944678 336518 
249917 629011 
142139 982781 
155531 849515 
54461 246798 
193492 130591 
196200 170983 
376579 180831 
183169 324755 
528255 269361 
644510 143995 
381089 295718 
195456 697465 
748569 16670 
593995 280058 
37185 168938 
157960 293286 
19675 220988 
131940 178927 
483993 13375 
813286 845660 
135350 726643 
610245 360312 
355760 714160 
298016 155568 
173839 312737 
216990 921569 
563520 617111 
335209 137509 
199122 537477 
174989 218531 
36269 817957 
895139 133334 
137658 162820 
934861 183759 
172966 692729 
688195 271455 
151117 946606 
143323 439851 
354428 365637 
661319 280987 
180873 424048 
192599 738246 
619985 477496 
91607 526161 
166718 14796 
799619 156031 
151724 383427 
724489 667626 
61945 392757 
935426 179123 
598732 479697 
788344 315247 
311683 341790 
541440 777265 
892200 233703 
315717 310243 
34818 643279 
179986 420074 
198669 525304 
188018 357938 
43360 256622 
296540 232013 
189315 232174 
991718 330426 
489884 36269 
673356 212956 
716772 151849 
18820 215252 
355106 886809 
453190 657470 
597857 14690 
118732 584184 
278577 185293 
227211 331015 
61338 432568 
254016 271366 
578401 785928 
39196 736342 
176987 312730 
320864 34865 
960154 323047 
939502 912626 
756530 967103 
289353 958006 
189780 272199 
396523 725828 
279868 235565 
676664 294434 
198067 121629 
222285 897882 
179831 298462 
911989 424203 
194021 255081 
330200 12827 
227718 543457 
132637 356921 
173489 868341 
758737 547051 
291191 323160 
259449 189595 
421079 632879 
117303 551412 
330872 945279 
138372 111604 
281576 246478 
157978 42045 
161690 226516 
158102 128072 
221518 452780 
864289 333889 
276066 157270 
791420 164992 
852782 668566 
523786 198562 
111700 428980 
243829 749931 
381797 956995 
714577 18016 
518295 116906 
234233 65830 
169727 213878 
348329 540756 
1924 310868 
166443 238742 
837728 221458 
688379 633158 
764907 157096 
141913 19098 
667923 864140 
258359 818349 
391882 517694 
712881 166569 
54551 555850 
496024 160291 
110443 149730 
236833 362888 
332955 62540 
661611 285520 
496232 164605 
355135 373628 
674349 280118 
226640 19652 
547134 362811 
179814 131970 
185354 740590 
297106 3635 
392786 187810 
631516 421900 
343087 670161 
128197 322345 
220923 347127 
494650 595316 
865229 24501 
471891 365911 
164343 453797 
649806 319448 
789558 537680 
357873 232364 
334400 26893 
892729 430028 
566269 285491 
351274 872642 
236482 164438 
783102 11506 
111901 489306 
777450 47478 
514415 513166 
490479 352863 
523251 850449 
9179 761010 
146358 49090 
292410 281814 
129002 388009 
233085 484005 
631046 386456 
131881 7541 
246281 211456 
121718 595685 
115435 182735 
321162 261377 
234435 440606 
29731 186775 
245175 350667 
526750 141805 
395268 657368 
180700 217162 
710864 35514 
548509 150700 
1870 766984 
123671 67157 
141752 463145 
793282 973083 
367749 159959 
876046 913132 
655530 125812 
636532 570535 
797108 325439 
167062 486462 
291536 158947 
377763 562687 
183871 388407 
794175 840656 
176404 450858 
58733 651889 
36858 151117 
721616 443427 
283361 240539 
138039 241646 
182331 262673 
590301 550425 
331413 235917 
699398 546622 
795169 377823 
758231 377608 
883108 930505 
272924 11590 
547122 928899 
368451 441213 
169103 641714 
296831 133064 
2562 814690 
449543 132286 
170270 289995 
296588 25310 
121605 189089 
175982 72338 
26661 322661 
546117 560598 
315920 141585 
594412 267867 
751359 565037 
269717 474093 
160434 369082 
780192 166140 
690497 346508 
127955 441029 
475181 359247 
387592 349774 
18914 3331 
514088 284557 
159048 13090 
78621 230716 
473129 392287 
189625 556547 
127752 120688 
319311 910496 
149427 587302 
873808 179486 
356313 139176 
194944 496220 
651270 13220 
520294 966830 
481042 236768 
737710 19129 
156770 134285 
186447 484505 
154538 135172 
376145 285539 
331550 447401 
154419 124902 
143250 745630 
184836 653364 
155835 719254 
157221 393810 
283242 961451 
368166 21497 
697423 475157 
355891 249345 
14107 755465 
258026 438684 
197319 584982 
150938 149629 
150879 479067 
416491 573891 
653983 716505 
520835 97646 
646254 615749 
557196 917683 
119774 784911 
116143 261441 
263303 447592 
131751 155622 
610489 393031 
128340 120024 
858553 279261 
249488 187102 
216758 45038 
258859 993087 
397564 243258 
436317 855572 
663354 169996 
134488 19913 
836116 473402 
566263 717719 
169122 821164 
190423 245043 
276703 493091 
356010 813257 
538721 525994 
245758 185525 
836848 321840 
110659 128245 
565716 76818 
35639 187702 
156531 373711 
589206 586160 
187417 184823 
518979 413493 
366917 771946 
339945 958178 
164129 111407 
236881 463895 
277441 136866 
737764 29398 
21097 198044 
13012 420145 
636276 194974 
39797 141711 
670869 470933 
371551 166455 
185561 115495 
341862 991260 
23174 739156 
850122 33454 
143311 467779 
450317 282826 
41789 113603 
459337 115489 
295933 172578 
946427 325844 
363305 666847 
518408 396493 
365351 291263 
473034 120017 
155532 348721 
131418 151070 
338500 252802 
961600 812852 
910728 148321 
824002 424221 
171359 971054 
190422 47364 
142739 560855 
627095 526203 
499624 85885 
232888 383993 
112430 379810 
173387 952062 
172887 181229 
11744 276566 
359449 223260 
34335 217263 
129275 196926 
989005 25238 
1513 187197 
32770 125841 
355088 188845 
389960 529832 
186721 463305 
266112 273722 
197722 348293 
692753 290887 
293512 419651 
169080 529600 
859333 581911 
59525 775034 
75944 71993 
116405 176018 
161624 370707 
424429 643737 
114204 113133 
491157 423256 
282695 260508 
126311 198180 
152409 375711 
345634 510352 
297534 841352 
189488 218870 
33609 372271 
292696 256319 
318228 884257 
243122 134802 
822318 539899 
158941 21770 
634318 163422 
538429 380173 
495060 793812 
624751 154609 
210677 112115 
793455 215841 
413648 462377 
524024 565210 
536716 828214 
96902 352387 
713916 535205 
226176 165926 
25881 155467 
213515 357468 
353517 136213 
239361 746409 
168097 223041 
195312 216205 
149945 252106 
164052 135319 
262387 250255 
617498 415278 
192844 671904 
248084 159816 
178755 165105 
269932 211040 
167801 273543 
54324 775992 
192279 145315 
177927 289799 
540369 182954 
242384 118536 
814262 169925 
291709 21681 
636127 184472 
830279 840329 
198079 992932 
540887 765597 
385938 188215 
976207 524757 
530724 755352 
284194 127383 
198889 110288 
132095 313189 
74325 86182 
277863 118363 
26626 396517 
346538 251642 
163379 551942 
45722 228128 
162767 490520 
269736 162195 
583958 248584 
471475 520288 
363763 822283 
446419 511893 
214795 225849 
440523 251975 
233138 112687 
138283 199061 
734384 191772 
598957 637061 
299824 114312 
133899 150070 
715702 828935 
598142 866960 
211034 863610 
167752 199942 
198323 350131 
37453 529784 
536347 247406 
265946 12899 
348115 235184 
51379 279434 
274151 146940 
677390 581096 
165891 481952 
155978 75289 
285621 164618 
162112 530635 
129233 360711 
687921 295552 
149659 188577 
38274 565549 
189261 155543 
614630 219530 
128960 259764 
851907 962052 
889498 275876 
122737 232674 
19480 246859 
327778 164224 
471486 155420 
138187 529344 
22174 11221 
225516 264678 
663318 475009 
397654 251356 
349085 163874 
294208 112300 
187787 741340 
229794 168675 
180895 25769 
146423 17391 
677497 319942 
563877 42515 
112634 440529 
168944 182586 
248382 197193 
248577 173162 
550621 198014 
457177 160612 
395838 615189 
193064 134125 
279750 615261 
199948 224766 
849682 444747 
368481 950045 
511000 151729 
226825 281974 
598743 680579 
198257 129132 
132011 266785 
686344 190755 
789034 532860 
238635 343468 
158668 970709 
3807 336226 
243735 213723 
175714 282873 
432794 532979 
113704 968936 
172990 311963 
478305 337917 
577163 675224 
190839 256438 
253457 623073 
512185 372396 
149070 458861 
185496 239456 
33823 121737 
564121 675165 
494197 615945 
194082 531188 
258509 587808 
668673 271181 
14011 750812 
691687 117452 
574533 850068 
421031 258734 
964569 711061 
485665 358527 
116037 192832 
382493 343283 
225635 452578 
867103 439624 
531373 247025 
952389 332134 
416206 268058 
197895 288234 
363471 381125 
162482 620485 
42467 492984 
43658 220625 
966050 397749 
373116 370896 
489169 969162 
676694 827887 
444093 744255 
1960 183015 
568673 397879 
532194 330128 
580882 311683 
18832 268486 
322030 182360 
12303 786571 
722913 915131 
110522 188714 
196705 334585 
223469 671440 
112122 293529 
161197 489931 
48739 413517 
866847 3331 
24269 126222 
294202 159667 
853222 154169 
231192 626595 
118326 376323 
676497 477728 
515266 220982 
659582 452209 
331824 770339 
270485 354124 
116406 286360 
338749 927126 
234744 180689 
240361 15196 
178737 529838 
974945 541749 
114395 431206 
563633 238172 
15921 780401 
181955 634277 
177445 382630 
180134 182759 
477930 415718 
121130 228676 
514189 850681 
128246 95581 
693746 1257 
587659 133684 
43979 466328 
161440 19711 
220941 862397 
217746 958000 
16648 797382 
158109 265981 
745225 660528 
165153 232352 
572760 489497 
321905 147029 
383748 171603 
524031 314492 
636764 144667 
319537 68954 
151444 164254 
575551 18087 
198924 350477 
979354 310767 

