78263 377881 
53221 501319 
672374 591863 
446162 647168 
964058 928959 
20774 163720 
653461 721105 
616350 1933 
493840 981862 
156507 422375 
859744 727123 
766428 364947 
668905 287775 
648907 189622 
993568 905944 
208304 980396 
529936 645137 
818845 342261 
385678 104859 
373855 386707 
388856 502862 
604007 558349 
185747 858829 
347181 71285 
99667 114056 
947778 317650 
744336 68403 
649793 72004 
173830 562865 
81016 643275 
530923 228947 
919636 329411 
421120 766849 
445072 328948 
642499 490752 
70947 421480 
818002 174419 
473936 458249 
799538 839837 
142621 45467 
173002 653755 
677012 553011 
471317 434178 
245143 119984 
578789 722136 
948784 218310 
152480 737022 
135825 815601 
807705 106394 
172722 946155 
39755 173684 
123714 277039 
199770 548108 
57270 537543 
498411 801190 
607599 926509 
838482 374813 
492913 396125 
675225 515148 
99677 272618 
903366 881477 
996009 932633 
762908 195928 
972993 108047 
959088 395365 
906621 586859 
350595 462137 
147037 253371 
410324 330033 
866231 756594 
86100 88264 
461386 515621 
50970 666936 
197714 986806 
264065 145493 
305286 951407 
308060 571993 
496738 691564 
121588 537415 
340258 729958 
417583 318030 
141697 503346 
751813 734989 
974130 210321 
867800 130355 
885314 483711 
736299 985520 
635651 390288 
573635 93683 
531687 72841 
241447 1692 
445870 744003 
460551 483841 
923675 218852 
255940 598359 
623285 558751 
937384 614829 
435321 449793 
674503 386999 
303205 973868 
809131 66487 
454997 149026 
696683 162031 
257413 346661 
339280 284831 
166398 657189 
386593 476803 
637378 423347 
203269 354742 
158976 924038 
311172 874054 
227342 938729 
223206 431593 
790652 491196 
547470 338955 
826690 186796 
483069 949989 
474363 624996 
319821 234266 
324126 594576 
41188 255626 
317813 499171 
580602 189573 
166540 44795 
882697 503656 
950424 789999 
520161 349900 
775881 237159 
942322 619838 
618801 198798 
206109 79519 
488033 376096 
48534 718362 
521774 467995 
607974 232379 
596682 450617 
535856 147420 
689792 350369 
658216 652025 
598176 558854 
674728 162268 
238374 357978 
542468 260935 
549380 436907 
101077 803685 
547171 311796 
370005 686558 
991930 373779 
106454 174395 
73046 698127 
428119 404129 
206419 299066 
406626 166363 
77216 778803 
344402 369352 
707219 232766 
113458 889133 
663883 894118 
452601 877090 
251755 256955 
657128 357825 
966089 73381 
322156 482679 
388658 191220 
835870 477921 
427575 262758 
176037 659425 
962236 312187 
930483 632083 
420076 222814 
841516 369213 
363722 83636 
678201 528230 
973381 631201 
600900 341729 
453177 554966 
329053 397038 
26711 938893 
984005 175587 
101688 77133 
387071 505687 
97327 788859 
366006 477190 
133210 866741 
331454 753688 
236658 515976 
13318 837001 
489111 499509 
263008 384495 
211168 100929 
330326 791522 
117428 627464 
789286 539234 
910761 168846 
810555 11835 
920080 791471 
256763 416902 
872004 784226 
497663 227126 
314110 258921 
694330 613704 
533301 198465 
612892 889231 
321657 96865 
16343 689383 
475217 972844 
600690 803287 
851477 787906 
348708 739194 
637307 221099 
25944 43173 
618961 884863 
895764 115334 
423860 821346 
373996 759959 
644656 749553 
752711 829888 
931491 574161 
926194 554798 
504046 517030 
729611 587274 
321988 667690 
877019 68932 
556420 757969 
187437 255198 
114674 328174 
621424 284955 
249777 16393 
523361 141921 
275977 358748 
480106 142372 
862210 172937 
564200 512298 
202477 34551 
710455 623059 
756693 748366 
793701 742583 
593091 82826 
65398 144886 
100616 65590 
373740 462030 
352920 530817 
446264 373790 
304727 552720 
578279 140569 
553312 516156 
34727 657803 
701771 676189 
718847 673173 
20480 219200 
104281 657464 
11954 914982 
115979 275363 
42278 576984 
386025 935113 
449132 571476 
804632 456372 
249862 445198 
456578 716357 
820012 943911 
326039 748642 
441516 562676 
903361 802071 
413611 561034 
298669 739537 
413089 793371 
197670 254031 
512499 574781 
352084 487735 
378403 831622 
72163 848382 
760434 621402 
904758 275567 
465446 758603 
842295 457665 
978337 911025 
602273 416018 
25515 836261 
46749 723919 
921782 404763 
857130 786505 
799468 664645 
691429 861497 
186493 390920 
203512 427530 
503162 644471 
629274 215032 
55192 627694 
669811 526115 
430849 287808 
191580 888315 
911004 247441 
755779 391417 
556580 445740 
552330 12972 
36229 916682 
679989 582279 
365168 384567 
431150 342883 
843555 632736 
407163 204388 
151106 650164 
313799 32159 
497897 155329 
629197 926632 
909895 612739 
309144 785191 
712718 661953 
445295 76097 
962395 984939 
874360 383244 
192028 430994 
717402 387917 
737721 882008 
910322 788705 
780941 282690 
184078 810867 
247402 96525 
305833 142265 
51877 904086 
985912 232983 
747256 147243 
726189 67670 
346466 65220 
161153 502727 
336951 138796 
747672 133765 
194287 382741 
732733 50385 
837196 761175 
81052 247322 
748950 603319 
995468 837562 
910080 717373 
902784 104847 
174901 564594 
145960 157858 
128065 396874 
264558 438861 
953248 243178 
93355 30462 
977715 460028 
696112 559788 
361300 376412 
364572 366345 
170059 194154 
155685 602814 
511112 272956 
581632 492909 
325421 362847 
376667 654385 
253395 826077 
880414 132157 
168902 747286 
638160 565488 
167111 634641 
422954 595074 
423323 805181 
685148 294263 
685077 105641 
515041 302938 
484905 811523 
277441 957480 
377431 495140 
828553 500623 
986462 469648 
381747 37287 
694585 895730 
540252 27187 
942271 762302 
23354 523645 
911154 773316 
129987 697497 
841507 211175 
221166 145365 
156087 359405 
530532 659266 
285673 309406 
199529 497516 
754252 713804 
912083 388097 
748001 656074 
652214 764898 
641768 211405 
95947 583510 
61868 829170 
860404 819702 
745848 478675 
94984 407446 
948302 123700 
38186 798014 
229280 513893 
14225 83003 
46548 335305 
479499 945991 
274910 424654 
164727 568984 
919508 179476 
464566 962421 
419232 37762 
678178 146499 
217765 981611 
940716 619725 
718864 953811 
702487 714843 
380711 625063 
450457 840831 
846997 485884 
260141 194479 
618295 690494 
135871 598785 
794164 530986 
291424 963603 
285531 928429 
115931 468371 
917867 601002 
53622 239729 
129511 707009 
705946 845373 
195976 778984 
395621 217589 
20551 407799 
879704 193351 
666139 808095 
666566 988273 
905694 1435 
130825 779123 
732974 109555 
305630 728348 
347924 573308 
587816 434653 
217466 956338 
184638 220370 
762407 774504 
103742 601995 
740334 799358 
815438 74385 
191574 791972 
680832 745925 
772655 26725 
168996 326514 
727665 874217 
966680 6108 
664449 398868 
782487 271840 
821770 493965 
78882 786075 
579220 952042 
979017 347690 
640549 717736 
4644 67524 
886771 974549 
253677 563315 
651275 988839 
424554 493953 
881971 295326 
549313 314723 
555324 334562 
998005 481460 
907074 194262 
974502 458628 
165569 729015 
556537 731975 
306051 807588 
144198 544630 
602196 113280 
902989 552355 
439040 953416 
70422 593171 
430683 503272 
493474 826336 
239217 524810 
485835 434459 
957830 256803 
101576 192324 
404628 587154 
303356 520608 
863081 816356 
501176 271917 
110710 715370 
230605 793602 
81083 778357 
850951 935641 
324219 160155 
728790 788673 
231553 724576 
957276 947556 
585638 818522 
914909 875735 
482076 266870 
290579 761913 
472855 288801 
879794 703199 
673152 675643 
532717 378180 
74002 754706 
354274 283144 
817074 563341 
73296 900989 
930343 285017 
289714 231530 
336153 736851 
255416 779590 
580530 970491 
51432 426178 
786248 482153 
553807 838310 
478673 65948 
402252 652557 
531711 471735 
459433 693754 
925794 824559 
372359 253840 
300565 598065 
683461 932244 
236937 200512 
8713 447444 
194775 591600 
35658 315887 
118367 399014 
240734 28020 
942261 583102 
202619 428583 
199083 1881 
621498 516920 
876085 361370 
557928 98297 
79416 745875 
932917 548208 
740346 1959 
934160 429360 
267539 537447 
877288 589905 
543581 972783 
563993 44794 
859289 74131 
934906 967454 
13354 442974 
65434 752791 
166772 953386 
564087 624429 
788759 674337 
584282 42817 
640726 693087 
725563 542863 
907425 95196 
967544 515062 
650687 103446 
622804 478753 
404140 390957 
828572 824518 
677824 195907 
617457 609408 
320511 837172 
356560 708943 
207770 995779 
69912 24494 
677948 283082 
772488 214757 
430943 867881 
487166 802418 
244788 157770 
644866 276029 
233133 276410 
635784 630899 
527003 341374 
477955 5239 
66900 404868 
625662 512030 
689730 293606 
636835 287791 
905463 129856 
491635 915919 
851114 681483 
699500 509420 
834325 510083 
967281 92952 
248866 695062 
914714 604899 
551967 912592 
934194 14217 
954909 167569 
342997 752790 
144616 569908 
445420 185906 
524709 800880 
400974 176804 
552601 577499 
31181 75114 
444530 221551 
617655 933814 
626781 309881 
173097 248378 
501346 137409 
435696 758801 
179357 460538 
264851 364825 
626332 766599 
238289 926292 
203345 623741 
222097 793400 
678162 884997 
145650 940980 
63858 268021 
635571 52049 
795703 384035 
486979 670148 
191217 795721 
689068 172272 
387581 80109 
398799 623355 
736189 139921 
657526 54418 
616825 989291 
14286 105534 
721644 681860 
36535 51093 
730522 897851 
197715 2999 
415748 492904 
252409 246821 
334616 907304 
67838 155827 
1190 3213 
12732 997259 
947279 930153 
91397 111422 
679361 21971 
270719 988802 
800542 723029 
958422 203007 
951940 260879 
593984 92957 
336975 547481 
519431 88085 
445525 955111 
562484 673200 
473846 940192 
809385 342306 
152483 782728 
316508 550682 
324475 467061 
894370 686714 
609702 264695 
730227 929171 
591383 385729 
958395 753492 
947540 313593 
565007 73909 
197149 492904 
245553 19719 
424354 129789 
363738 347580 
790106 317721 
949081 206283 
999459 921411 
165753 826253 
846968 4601 
343859 245191 
928432 169229 
240708 590111 
8401 198509 
351788 503348 
775731 714470 
103995 845124 
4478 269628 
653661 94286 
666115 407010 
618000 726721 
3733 746052 
910444 836631 
273964 527349 
164099 13880 
297689 261250 
836296 632780 
141958 892703 
667991 935100 
231418 453285 
375779 727002 
730852 438553 
769444 57663 
152594 656932 
65248 624004 
647518 835705 
707598 602093 
380044 412889 
442096 322174 
788251 150059 
45419 371621 
841939 470046 
72753 770042 
108294 111665 
767300 23314 
843056 253559 
578893 455865 
725764 931704 
164304 466522 
850617 327163 
635245 563401 
81802 860369 
232161 941017 
675927 312280 
505399 244266 
390272 306161 
658235 964196 
245932 388341 
852540 649066 
863439 826585 
419429 356675 
644920 184272 
61909 518446 
524944 736033 
521617 822041 
49483 673840 
242782 437459 
376224 209481 
748584 462891 
814571 502663 
272275 132710 
466457 745768 
137611 831910 
924277 330897 
392035 943690 
608936 402315 
716160 517119 
235021 12361 
761318 479216 
187903 87382 
635393 65123 
530396 368425 
122781 586757 
636714 264987 
648740 378281 
778538 895737 
659816 529977 
324778 560368 
108440 563135 
611756 789596 
741179 868 
602744 335091 
878759 303497 
889485 589259 
679673 264456 
726569 458269 
132761 324242 
550424 992134 
803669 279032 
695637 576062 
874388 853609 
613096 310857 
590331 698886 
184819 263442 
679806 502696 
823987 757547 
108039 828168 
31245 140791 
287452 220248 
712868 184697 
204387 140048 
787269 643479 
959522 697790 
765999 155155 
690787 64073 
891677 420708 
849857 558684 
811560 904004 
609723 628316 
107402 108046 
935162 284347 
21151 493406 
681150 103905 
331645 963931 
801212 973850 
500380 900745 
825037 401322 
29167 222130 
347303 133581 
96070 650086 
9441 681311 
803689 607043 
575876 750720 
360067 661296 
411554 997768 
489480 690551 
98781 219012 
939375 91317 
775711 388134 
372842 370004 
669927 474130 
712469 474923 
44016 784775 
728317 840596 
899267 984016 
357151 646835 
365003 611481 
172828 731491 
176911 348573 
474509 73703 
731437 271869 
318752 275050 
772447 528103 
831562 79333 
359191 936076 
641616 651322 
770067 526567 
17215 338140 
120964 55292 
308313 831362 
701793 42878 
658835 49333 
155111 962575 
999038 838868 
860533 989485 
282233 498200 
257559 796346 
193120 773100 
492290 933568 
487750 629857 
9217 915560 
818470 39005 
561099 401232 
520055 579669 
506656 380543 
786283 63942 
678364 271146 
153530 384076 
171286 808192 
298169 328656 
725238 87688 
780644 295493 
359340 431405 
623837 829829 
943529 901474 
88347 855395 
631832 204144 
52484 99740 
340198 709971 
492267 543204 
645953 547596 
457937 551292 
572175 547637 
146751 455102 
907792 263048 
56850 491009 
398554 504509 
292121 682167 
183398 378248 
214163 442758 
448822 351663 
413754 975523 
627076 270672 
189338 215483 
639367 847446 
29706 271056 
653332 563156 
965101 457655 
810265 137024 
977979 904435 
849091 687735 
763616 104125 
31467 874822 
150016 319915 
818660 228571 
602817 549845 
253470 72371 
352412 990479 
991860 200473 
355869 91308 
621219 832196 
723782 616400 
844661 219792 
51745 685412 
732965 947010 
397308 561411 
643334 530554 
24475 365019 
876161 649285 
547882 265722 
3775 455231 
75579 257297 
397018 697800 
931809 914734 
945143 25768 
98369 290030 
537096 986576 
385214 307698 
484737 983574 
939224 552779 
573363 512643 
992002 587179 
725127 223549 
189500 930615 
860367 201427 
392123 413827 
193212 328457 
391541 646064 
404418 61249 
425193 233274 
640248 651626 
884388 919598 
693926 815798 
125898 971660 
694805 594488 
562004 613667 
911919 624238 
572731 903357 
734075 613307 
861994 546323 
57779 95678 
69745 221010 
526857 900619 
708732 662644 
60808 15907 
356936 36883 
902533 878592 
506228 179398 
157421 784121 
729529 210029 
959720 21117 
920054 354329 
213606 81630 
968886 70181 
532310 550087 
325350 158173 
422627 105166 
531839 629058 
587659 789606 
917358 48017 
34152 8210 
2040 293741 
910841 512900 
321064 136237 
741836 40220 
993667 577022 
25291 73186 
47454 572902 
765351 261670 
901159 794137 
66303 366790 
653203 392598 
406475 633202 
241328 4168 
56202 597619 
187380 301836 
970549 21456 
614254 776697 
955454 323513 
296741 329540 
595551 436680 
294158 929701 
495138 797326 
664849 121226 
455622 640470 
390134 986566 
225510 147593 
602532 768982 
290978 471623 
580924 599230 
269545 243944 
981734 13060 
510647 452128 
922243 139282 
917791 324639 
213443 345759 
172747 362095 
747044 574138 
543626 724638 
4687 781281 
1512 424328 
687059 402600 
510109 410793 
207868 646869 
939388 301291 
803029 523323 
497232 982217 
125937 634138 
973958 318195 
919721 762012 
150164 809866 
434420 306222 
683638 913660 
899641 269975 
483219 462700 
602011 2924 
155226 885208 
703611 597924 
310592 121795 
14906 525664 
842769 430700 
784630 276958 
837669 711459 
506995 68583 
688412 144401 
962593 311185 
92010 423204 
791347 170730 
466388 585032 
636713 250970 
64561 89149 
336152 709615 
503913 273069 
478071 940505 
73464 710914 
337034 530661 
822529 251080 
909698 306544 
91307 606067 
175038 871878 
669745 407289 
314807 973368 
403320 615123 
381563 937286 
971315 894424 
598948 522750 
865444 530954 
745597 255182 
859151 750928 
863260 816798 
932243 217918 
563687 887780 
927623 570388 
520778 717241 
674625 428101 
95277 330686 
846236 696470 
572873 290846 
257113 306080 
295288 921466 
90282 385167 
503679 344686 
137614 893872 
308946 458233 
525130 861909 
108815 854542 
288124 506764 
198679 198309 
980736 231861 
895302 343147 
271824 554797 
476936 870132 
312775 823217 
816278 193069 
914469 481553 
473670 981777 
736240 996885 
650715 570383 
430320 403485 
388311 349876 
371547 600410 
104562 378072 
265015 110355 
740101 891652 
997818 337013 
180705 110332 
359098 369049 
619523 331290 
6053 739223 
133091 876903 
111894 611730 
357917 511398 
78112 837418 
492577 746918 
463601 748297 
637402 823611 
440368 277735 
902673 238861 
540838 876861 
405556 194812 
221983 878342 
302168 551893 
668919 527356 
283678 779746 
191406 976616 
986916 110188 
936649 266712 
637776 107857 
759660 616034 
695302 954279 
571174 727807 
260884 678250 
360322 939479 
833451 824276 
621644 974908 
291518 546885 
511610 640714 
496270 813267 
580220 773907 
64710 581926 
437053 560787 
157432 965857 
168508 121215 
274433 409137 
371320 777362 
131196 23470 
472622 371922 
899886 396389 
124328 590800 
590817 865014 
291421 923884 
731256 231419 
466512 674641 
699996 849575 
815184 810469 
563065 433966 
667858 696242 
742515 461186 
167140 134464 
952256 573371 
655349 452031 
294624 751633 
701356 691303 
742147 279615 
492091 582387 
190708 231341 
150578 779405 
465517 957743 
799119 793921 
434250 441607 
90884 498025 
319704 272970 
822880 145228 
859478 253163 
926760 71303 
403690 830974 
192124 40674 
620441 756955 
144954 250795 
122011 643101 
602718 891664 
210758 217152 
690311 63121 
890094 810591 
609441 882507 
302663 863536 
457616 157554 
17031 249713 
942083 594258 
710554 289668 
465603 390517 
421994 460255 
513901 139760 
949125 955916 
83421 65987 
51339 870554 
414712 79076 
43035 292831 
618084 148717 
499074 943858 
428863 914299 
625406 204803 
131101 415746 
454031 904215 
155186 219411 
652436 497559 
485219 80141 
937965 393118 
142441 6159 
525279 371724 
567481 658500 
422980 33828 
563265 795149 
70194 758359 
756022 473871 
349933 338745 
303345 321489 
278675 705749 
524520 607862 
351092 806244 
554479 134445 
624425 718501 
859612 515305 
740583 989236 
96472 406043 
374300 863589 
357069 269394 
714290 74775 
749610 697706 
360117 496119 
284340 906276 
781752 906231 
37268 374134 
80994 280335 
597536 787735 
478418 781543 
407813 119817 
772692 637424 
194143 965410 
656109 234519 
570949 944556 
157171 576712 
803850 322449 
400699 550888 
775239 450920 
615006 409631 
676185 654334 
407185 565809 
566163 503943 
776891 223182 
33121 675706 
601822 834653 
27829 738677 
957206 764874 
252782 520259 
223 754653 
464634 119691 
648889 885545 
355885 372361 
274729 374921 
308670 820663 
888001 639005 
762592 898642 
489551 890114 
158645 357955 
162396 391330 
88118 10550 
325726 488720 
919474 604551 
698649 195453 
980541 956502 
936350 248992 
815664 867638 
400580 557112 
392172 239485 
35248 423133 
604509 991309 
941698 127126 
616229 966200 
936691 970295 
753392 270717 
947870 857910 
907194 218232 
830356 795395 
217536 131515 
372754 893129 
831616 971805 
139324 633387 
350760 230473 
561921 212332 
676338 224483 
890660 331197 
434886 133640 
97845 486969 
490682 898197 
10078 382893 
286751 434479 
300014 351977 
677473 293392 
53782 920698 
188067 843759 
60537 459152 
979008 194536 
577573 277186 
680213 345455 
74454 358454 
550033 411950 
645994 236685 
965569 333095 
340340 104590 
846230 592426 
909518 273693 
962259 698426 
451865 510338 
262736 818747 
696321 68067 
16364 40560 
707308 739256 
690759 601997 
769127 726880 
687418 448220 
242240 342818 
757975 289219 
904132 761889 
73139 259347 
849173 65011 
652036 773119 
823033 720495 
368666 184432 
752670 130774 
923952 861940 
627210 523015 
317850 115553 
102183 397933 
74980 194112 
451335 596495 
298931 137033 
128566 823017 
451096 574923 
738031 97829 
216928 910840 
492160 745926 
782133 318986 
207041 751824 
908790 33791 
937711 111280 
292396 311965 
203503 285066 
120804 360791 
820923 253010 
341124 274546 
295370 293640 
216064 399491 
255359 826119 
594876 85299 
623160 459179 
426496 130649 
823080 515779 
712546 774852 
944475 806371 
680629 347661 
144279 906590 
71164 62659 
116247 772544 
154563 751619 
466181 112307 
557821 301800 
369374 77797 
547035 25463 
972879 192575 
611591 15179 
121433 936571 
965578 480497 
723042 175228 
62814 730575 
786833 311995 
700337 566933 
457868 388466 
950688 220076 
827450 964502 
389805 468060 
694947 989623 
597461 532840 
446392 512972 
528360 155436 
418837 409571 
667711 221105 
127788 744410 
311019 299029 
795825 431226 
615451 887907 
58125 918614 
157191 914803 
104760 716762 
627748 562777 
593129 731296 
891910 335067 
474597 560580 
675042 437796 
46765 993115 
295543 205425 
587067 848403 
119641 811264 
922231 940672 
883341 328377 
49045 311575 
645475 510870 
197124 69247 
842005 592418 
775413 373693 
665063 728415 
485252 644680 
153238 471824 
952407 105295 
708266 841025 
116103 346143 
625643 189184 
624431 818460 
860243 106480 
620068 492392 
643199 259881 
834464 837285 
254736 357928 
700194 164175 
304605 509709 
690986 416053 
605574 890967 
490809 37097 
498350 783817 
615905 523861 
531883 363320 
331405 925329 
14085 737464 
566055 687059 
410912 203240 
863645 294308 
445675 474044 
262673 757359 
936106 141087 
261423 746124 
119336 689539 
94452 461326 
522658 325637 
997288 420876 
676327 36259 
406855 23198 
899213 81580 
129414 63949 
794241 819637 
645930 157929 
323003 717905 
840756 599654 
387823 150705 
912404 774298 
632254 306073 
176805 570891 
981310 880819 
940472 521564 
929170 560923 
440658 142481 
687178 417452 
124440 467360 
932431 375538 
668153 655468 
451199 307227 
575134 291054 
754428 676703 
356380 695368 
56294 144047 
2015 868659 
567416 565430 
197799 416504 
192589 858935 
135435 272036 
115341 541349 
466622 521093 
15740 546424 
764859 986490 
947017 529135 
183914 59382 
33376 955822 
513553 295677 
446576 616542 
232862 712768 
504602 855868 
589927 904799 
967856 772034 
582983 198364 
916417 232122 
289597 259669 
258893 220318 
896027 541357 
594575 32391 
407152 17431 
976423 750227 
79448 288391 
854 353537 
908841 894089 
965997 515112 
490848 685003 
854142 570415 
967076 659610 
68123 951874 
146991 478286 
565476 956949 
450416 153237 
463082 24697 
94151 396069 
740021 538692 
797306 333754 
415099 572466 
446639 672155 
918189 3021 
775746 968083 
586019 235590 
562003 591957 
26094 575074 
277265 7041 
341293 111542 
691270 178093 
219685 260915 
208729 123140 
623823 598043 
320395 894252 
706040 420892 
936569 930790 
795029 57385 
475391 912444 
456992 673514 
758328 227813 
857011 791133 
582692 309724 
547045 190482 
447142 130793 
249622 412380 
875877 872304 
828133 445214 
722753 316532 
957019 634898 
739784 550569 
428913 751697 
774124 707462 
319266 911848 
430090 537016 
643297 896946 
988223 69344 
478781 879279 
50076 627683 
474027 976807 
208109 696107 
486369 405309 
42884 767684 
476891 113932 
868609 725776 
123231 157055 
639967 936645 
206997 4452 
839249 259154 
602013 36711 
3857 833384 
696230 554088 
557399 213403 
673888 48248 
912001 9169 
105108 554357 
85470 505338 
222729 420474 
921482 349766 
520533 598137 
889809 35371 
485694 73196 
217920 597465 
604874 120194 
104357 944174 
745089 719188 
408219 938565 
465225 41202 
497531 19307 
504075 997530 
492114 976030 
146838 912231 
876264 373145 
455712 160805 
657783 365245 
682837 445598 
176150 562039 
193147 232828 
153504 945799 
55150 910149 
890781 363361 
10804 589180 
356500 696766 
557167 315065 
307001 770447 
905340 49912 
877520 489887 
533404 927701 
887183 885170 
68305 17971 
48562 197336 
634409 513714 
996048 587308 
898886 581130 
56529 87457 
895024 677511 
940187 731207 
411341 410919 
326560 504573 
367370 395804 
287404 402572 
39376 807450 
814554 217384 
588359 563111 
210498 847197 
856310 8605 
626482 297608 
901285 909464 
362758 884484 
528160 787060 
133274 946162 
154732 595330 
721503 306127 
83255 277514 
189726 739099 
41909 374524 
636620 672431 
550382 273689 
897793 221665 
530826 609202 
859002 251930 
189817 259395 
651869 975177 
800696 306600 
29203 831522 
405639 586388 
429942 38260 
47525 763308 
926003 342387 
503525 756482 
196462 947006 
334368 734519 
65333 66193 
510352 495242 
543358 219232 
646187 465453 
880068 308767 
452265 228384 
458549 848845 
548462 5921 
516480 480494 
676162 263877 
986934 416285 
511081 746468 
903086 167279 
472397 578019 
773244 916007 
345027 877560 
154612 563902 
510137 877487 
937713 147837 
705405 744425 
558269 840832 
879163 106193 
798015 246521 
291641 612749 
489244 732772 
702392 118788 
484962 764892 
553104 19803 
843251 536165 
341836 240548 
891947 961325 
996866 342857 
399948 939367 
941896 456260 
371322 824524 
777908 301142 
298317 827295 
347943 887247 
963112 30942 
50208 848533 
294479 321060 
62794 391232 
439877 20829 
89267 312286 
606508 580951 
55429 607215 
478175 697924 
15329 641618 
682807 946589 
326778 166696 
660736 993771 
315783 381069 
640802 971313 
871736 270900 
22921 238712 
38732 982916 
872840 830336 
470648 188555 
44275 144180 
249380 339138 
902500 326763 
908324 203736 
195269 898978 
136261 141184 
887398 510838 
658654 6347 
684628 546041 
323945 543755 
901379 478165 
533938 904054 
443302 586593 
874663 474947 
440852 408323 
696179 695535 
862040 309558 
754416 482304 
89261 214770 
645667 738637 
274785 327437 
246713 522006 
360957 608401 
409324 510703 
398782 338483 
892239 861798 
251375 859744 
721402 612305 
17456 395658 
834925 589742 
800008 743460 
340271 947797 
640378 836568 
209469 546633 
261806 174837 
494659 746481 
109866 527180 
320614 573155 
16423 36669 
310832 162244 
844950 84906 
18526 377454 
873122 577569 
215264 953233 
996146 234610 
104072 144951 
194946 468355 
643522 675377 
64658 718004 
506771 311691 
603969 921588 
139766 54210 
113797 596082 
361308 517036 
835549 82774 
195630 955876 
414345 900479 
352345 870776 
143586 258237 
198795 148186 
568349 253043 
906469 38210 
201424 344570 
190226 135275 
570256 297807 
250048 561330 
279230 20232 
39238 481625 
677749 938945 
859455 861031 
357423 222240 
197480 61311 
461052 917223 
782667 289837 
292096 262705 
284105 955399 
401692 249902 
112271 948413 
980389 405356 
826625 93327 
549461 796793 
712531 517654 
218144 348667 
61344 17938 
488539 879368 
539974 344874 
303608 743771 
574328 737450 
322913 202595 
20367 319592 
383881 889267 
910583 183885 
561233 653161 
677065 432656 
661015 694367 
226720 493633 
496537 301775 
948636 737844 
960519 453021 
938963 165677 
540068 926865 
825952 781179 
277394 175751 
857000 613138 
18776 577882 
467094 465202 
658368 195087 
829367 174222 
155345 884556 
741583 800348 
449243 438566 
985522 684456 
659935 528424 
235905 868180 
502327 611673 
402066 538257 
488902 979506 
564337 823574 
810533 642697 
808764 910844 
564640 917382 
443022 877858 
164427 532848 
588980 999934 
901725 302189 
905136 626987 
773573 457382 
229006 914281 
335368 545912 
153465 300507 
632980 495729 
728754 171869 
606932 713528 
281729 28809 
193204 185274 
907707 846694 
400254 84641 
566879 552020 
810253 923881 
677857 749090 
971399 304791 
629136 891047 
829768 916506 
723688 24337 
33183 718335 
65959 575676 
398404 990045 
700008 48647 
610363 387444 
787820 901416 
113721 323100 
345453 44565 
15641 893307 
827096 7915 
31552 302180 
748742 107366 
512420 251796 
941301 452861 
242803 792275 
773388 332368 
110965 998366 
548242 317384 
283079 714565 
703587 195953 
398255 476842 
285480 67583 
880000 172167 
613906 934258 
75841 661257 
762709 857442 
30243 301364 
30963 407669 
705468 811965 
707185 673596 
133108 155678 
487908 273307 
475616 680395 
404329 566648 
653792 284894 
224554 92297 
248575 809240 
898945 581175 
823560 579922 
750231 142341 
326057 45223 
65997 226361 
450111 16533 
871976 316765 
877115 676837 
600381 604598 
481090 685822 
622627 503441 
340911 693645 
101170 367707 
58754 479384 
12369 891283 
795726 769883 
431473 768138 
101371 753293 
595913 518896 
96987 72213 
693262 659277 
482749 562449 
97148 766488 
366057 325075 
542564 880532 
110796 157887 
618027 188563 
180149 771720 
313379 964078 
274509 677196 
649906 974085 
460171 102345 
115828 728819 
276772 717249 
806100 131404 
509085 194252 
803057 991841 
875381 539225 
757435 212039 
746688 597101 
477132 162051 
605686 778233 
776118 215702 
308463 340981 
872015 956704 
327438 257216 
45718 383299 
116878 382956 
353931 532657 
374933 508015 
219665 911162 
916515 876897 
8077 762970 
253318 517398 
920708 343811 
445743 606449 
596777 47032 
482344 765436 
685052 678689 
734084 765796 
744258 760421 
396949 532532 
270532 838313 
527001 311790 
265116 817121 
369402 544711 
959938 683380 
581100 553191 
497688 649938 
511577 80847 
809057 830938 
584383 736812 
600356 198260 
170667 413099 
966428 761242 
198916 184216 
123935 977612 
738289 435023 
433747 1478 
846319 95253 
927135 363266 
419241 196121 
213783 64588 
544534 993893 
360892 520489 
867545 837286 
278544 495879 
251584 377877 
982542 583554 
800709 522521 
25241 226756 
104129 101701 
294933 952177 
246199 871849 
168309 781203 
681814 259416 
6419 900055 
233002 74876 
450593 120581 
620843 515791 
915719 495832 
458640 363795 
318113 528138 
422516 234640 
605860 690238 
830179 821563 
14948 243608 
330227 129326 
595831 146715 
839668 302283 
482932 645076 
806528 323978 
104068 86245 
529997 672833 
308882 388329 
651802 836338 
342530 909351 
472557 272505 
997559 983149 
788396 580358 
80158 225506 
91454 81978 
812006 393581 
932229 986681 
148198 772930 
650825 429591 
152658 737010 
937700 936494 
658974 378304 
170107 994353 
105296 713377 
735201 526378 
844679 522649 
169533 344565 
117120 440796 
460941 46925 
671283 263570 
835470 744911 
731511 515284 
384843 70614 
812157 922947 
972290 292734 
991084 152554 
975459 543883 
46179 145930 
661275 55407 
239180 913688 
357648 992875 
262279 127070 
673511 713467 
253211 727304 
808577 760887 
235668 887305 
937925 720144 
471114 15714 
117735 782513 
704967 386041 
203706 694483 
190528 218509 
495193 710178 
969382 414796 
489709 545507 
351709 176512 
648356 921777 
312529 684296 
977783 607663 
2752 257418 
440695 765804 
882777 847733 
855547 181217 
717867 196951 
169663 538414 
132203 946687 
972671 695080 
215599 575165 
798578 716913 
170637 900135 
585180 121609 
893319 21174 
881985 532332 
908152 310695 
857269 124813 
739045 133573 
967295 327320 
279469 52040 
651564 852591 
503760 710669 
217006 224386 
268371 520782 
785675 841044 
441038 532031 
847410 425361 
54594 565958 
58619 211795 
648246 72046 
882453 388817 
853703 202170 
874900 450555 
480322 777471 
955593 665726 
873674 845524 
737832 753355 
647769 66085 
696685 191293 
77203 554961 
232123 301532 
854796 557009 
661769 366064 
454116 337615 
301084 334171 
424098 817091 
860195 301601 
10860 529847 
146332 411651 
633823 674864 
449524 156959 
13389 43522 
486069 371584 
225995 314581 
178291 546010 
793943 804742 
308960 691232 
536620 987956 
581892 867967 
922060 72034 
680164 531607 
722941 472210 
440114 12466 
518127 161134 
181392 658445 
495477 490556 
776531 168014 
824888 905188 
498555 216274 
932878 883648 
472141 287236 
575508 564930 
786150 837950 
437585 494196 
965708 660877 
361592 284359 
237668 486315 
502389 659804 
337268 469821 
290519 766242 
235448 179711 
410011 55255 
685467 659568 
363437 289429 
443780 620408 
203419 871812 
553172 174130 
614700 276347 
567093 145928 
620257 665860 
111687 128346 
124556 427780 
701445 197089 
481048 988000 
318823 466098 
719198 568456 
43239 728591 
444003 373950 
989688 695547 
73743 406728 
878382 968372 
443033 60760 
202536 29228 
242563 770272 
977910 734870 
973569 783991 
546552 900933 
989621 574420 
285591 944323 
246984 61613 
539591 919487 
831845 819092 
485220 97672 
582611 949040 
518736 404771 
993856 751664 
224447 282449 
135067 78482 
55938 157524 
511722 512422 
284455 848491 
593870 189803 
29957 490072 
649551 13429 
702268 21697 
671553 807599 
332954 973004 
291357 837162 
183221 410011 
61094 812657 
341138 516435 
733788 787333 
715692 636498 
626931 834073 
266680 99314 
176495 357888 
28308 776601 
343300 854534 
156422 988866 
872317 33889 
573664 586673 
228500 407691 
71907 542744 
903976 131423 
827931 43741 
163883 398215 
812633 936476 
355099 160604 
282262 985681 
351769 185049 
133887 246016 
803129 201578 
934370 965087 
225626 109460 
706037 377518 
954148 366094 
955998 461355 
3581 191181 
188731 12833 
690299 859299 
251477 581185 
984055 25343 
948573 680596 
783794 241257 
809942 705109 
781505 763750 
349080 988307 
483468 647107 
938130 166462 
741509 552527 
327377 237206 
725789 341657 
245185 828904 
403177 207826 
936384 807443 
694537 85403 
380743 163338 
224912 108075 
427120 618171 
616099 782048 
896927 659398 
509176 721169 
693986 834596 
57469 894477 
475728 569618 
574084 646583 
126437 33868 
220460 286295 
760309 527237 
286482 914665 
780446 966750 
181136 353347 
715126 137344 
346563 697128 
631510 790879 
310559 566537 
803450 594870 
991860 193507 
287237 602571 
422601 669355 
850106 746692 
655063 645991 
175068 368563 
452394 387851 
628129 980556 
210162 207602 
173090 125089 
386570 86768 
320168 76510 
915295 366698 
108967 408544 
409142 458372 
872179 729195 
588888 442604 
854951 177152 
408635 938250 
179882 284425 
333320 118966 
469470 385023 
86669 661111 
301566 432280 
335783 511678 
783349 750263 
679096 582181 
725035 667995 
1804 327986 
477446 450853 
502166 919997 
399817 733426 
700930 540146 
245138 50987 
941649 305616 
489221 342345 
808293 991685 
264481 138487 
555134 152079 
997986 155664 
252029 855910 
286810 424069 
332561 355731 
776104 981192 
910179 383107 
879462 119202 
434379 612336 
543341 945795 
978944 126706 
561759 487026 
456213 583583 
283071 591018 
248063 210337 
147272 213232 
795764 421272 
321580 799104 
551851 970462 
568991 42304 
7372 912071 
182991 537187 
507396 808206 
533907 378372 
313148 88312 
262602 565144 
390225 515541 
710877 714548 
409605 242017 
595537 201936 
949741 303667 
743081 976807 
203014 65007 
587304 824073 
211413 225254 
850846 173002 
646649 240701 
463379 16997 
681527 430201 
403472 169627 
921000 247634 
998424 522414 
220488 744348 
272436 839929 
702753 182769 
804744 347004 
96420 534092 
486247 363433 
228571 605939 
33422 739993 
73774 926539 
355195 762662 
67495 395134 
33773 638548 
79328 278955 
410672 175853 
570169 840349 
756989 715809 
617062 974212 
583723 645015 
774715 645065 
609601 570153 
562951 531626 
40770 221786 
572249 794323 
195638 93690 
663256 354597 
722518 369060 
795898 666884 
327594 878596 
575554 341126 
309365 506990 
981718 750501 
680930 404779 
127617 864001 
275008 71854 
659922 309936 
95474 634400 
366594 348706 
718462 193706 
622601 61744 
742761 596076 
263674 583129 
659155 422379 
924343 440026 
532757 63136 
129682 576899 
955169 538996 
906102 861107 
634452 243131 
317903 3337 
91181 487657 
52695 645688 
86636 102535 
318089 124829 
17217 381177 
447261 128959 
425389 518400 
758359 741223 
735913 500269 
31346 840499 
269668 317306 
972569 975016 
103596 148663 
589885 199009 
758584 528473 
55436 716127 
958035 701588 
590565 630494 
718844 619468 
408178 255479 
847076 808681 
514017 94826 
746292 943427 
179626 985729 
150880 850908 
215310 717736 
1905 29298 
424909 447003 
785144 927600 
185659 386188 
670812 351440 
656244 499596 
711442 214484 
843751 939495 
95721 787095 
711596 799479 
854411 88178 
23744 76241 
398126 306902 
118339 935951 
544423 127922 
989905 343966 
44442 939775 
810380 71437 
646923 849501 
567598 634737 
29864 933736 
308077 850268 
454334 994400 
885679 609308 
653087 448332 
131456 381036 
82305 303214 
120339 538836 
220092 92216 
887875 517855 
602023 210589 
378896 116827 
526211 43801 
173642 403642 
11303 976496 
984070 274824 
978646 111452 
174050 262484 
571925 346340 
952085 695279 
554523 884031 
919160 329445 
993298 363003 
994572 781443 
722459 377905 
455794 542065 
498937 637349 
927320 469795 
845027 372265 
669298 896902 
233323 460451 
811823 322154 
453424 700406 
738525 401677 
993988 958137 
409982 579725 
449460 80191 
781421 352084 
483619 189527 
383222 822193 
612815 587902 
875933 821917 
965658 816983 
36510 629283 
369893 793406 
790205 979972 
391442 976269 
159629 887732 
126297 679336 
603049 447533 
702721 634931 
291112 730055 
45835 360240 
562163 287343 
377255 536827 
465400 978071 
447146 183277 
342030 501670 
583662 609398 
168437 926410 
189544 678229 
7580 399830 
945975 4180 
269486 265421 
943620 435231 
943303 97202 
674135 197961 
141106 574313 
495356 464512 
63163 595836 
230637 319370 
658153 588297 
508163 705883 
783398 570427 
181605 241920 
965610 10640 
829735 368543 
105451 317703 
644197 20208 
638528 746872 
685253 52191 
176899 150691 
673073 348736 
221502 785039 
154685 798974 
356946 197778 
56382 612806 
435640 808265 
520374 927341 
830379 185540 
376275 56826 
81831 339914 
947054 145924 
545460 559218 
791623 809036 
468068 834836 
96048 286990 
445298 127993 
189468 403830 
183385 162795 
110393 383844 
269340 802385 
686314 884283 
160285 919916 
28606 786792 
626060 202433 
294075 525705 
536710 491761 
41733 408205 
710309 165634 
811981 966434 
862828 559406 
941298 402647 
296354 828528 
74141 97772 
268826 160109 
952219 951644 
293458 165236 
128144 722293 
583594 466991 
729039 973135 
488437 177351 
754111 344245 
742118 787117 
82159 850672 
255206 254625 
486901 355796 
866614 193517 
444563 775188 
600788 454306 
537113 264255 
345938 184529 
391418 565158 
611155 695763 
693517 949122 
895950 240888 
618008 874029 
807981 749427 
623227 581574 
523769 1115 
755800 730831 
87376 537352 
291251 62525 
858222 147598 
685030 308807 
126679 102664 
480374 648013 
166844 156925 
445148 610876 
6046 620106 
127956 563899 
456886 894377 
799101 492339 
757121 946121 
466701 845299 
946418 455729 
449880 137526 
403426 384109 
736279 652656 
201983 740329 
724874 970308 
978533 218268 
446173 846255 
22313 17145 
162830 696705 
537242 442052 
577018 943905 
211727 507709 
70180 518849 
305092 684195 
279946 62979 
495365 615099 
981745 197841 
117825 293785 
651857 773757 
544180 48028 
209408 533900 
272020 846145 
167588 665960 
791155 953842 
226252 618239 
755689 867842 
832286 246457 
213848 149331 
813509 647154 
727827 592362 
829729 268138 
607167 657025 
621654 149319 
611127 211491 
529800 358600 
1737 202539 
80436 894311 
695896 925723 
630905 623525 
596915 358394 
537316 685239 
828513 826914 
950583 452303 
861091 367956 
249907 201077 
507695 833980 
708403 136468 
623214 364721 
874736 688848 
477944 816217 
166241 25126 
307676 117712 
387461 72035 
696193 920997 
202641 787680 
547417 440879 
865501 476074 
380431 909496 
907732 255286 
593560 971697 
314317 731184 
12493 982160 
168130 776550 
483417 797750 
799672 98871 
735942 988087 
781681 720231 
932391 699214 
698653 265945 
741399 693639 
998089 883499 
981055 598496 
935085 979840 
171086 442697 
418511 928005 
995509 520256 
951339 169628 
953792 390967 
984724 266467 
515212 183339 
389378 283093 
954694 546003 
678449 701602 
841220 391235 
490498 807243 
344491 861340 
544999 808968 
340007 504204 
167328 291575 
506766 226713 
366666 559000 
116633 267546 
654952 785639 
248213 716662 
940085 17217 
372662 334148 
30369 414045 
867646 530764 
556680 131101 
425780 85475 
590238 144655 
227010 358113 
808757 789786 
938133 214258 
42781 34230 
303733 846725 
909540 643129 
72011 292055 
572693 255013 
12168 512811 
826416 575608 
259824 872626 
237735 627454 
632665 205017 
737053 662406 
72600 200598 
463220 350757 
177089 342668 
228430 223788 
219156 370050 
439870 898652 
652856 557602 
619298 551608 
883571 193712 
721080 201732 
524530 790686 
73823 746571 
621561 577111 
511018 680736 
139399 879345 
166632 597766 
662923 756528 
978802 727384 
153585 319006 
543920 664377 
184278 170070 
370678 990496 
280857 364838 
837996 206079 
584227 119110 
893281 374935 
543743 689667 
249458 654367 
959335 556763 
521644 270750 
505491 793778 
30795 581481 
963254 418462 
99396 563727 
562374 827272 
971135 868899 
589270 861690 
438795 839548 
284387 700402 
658039 667064 
348854 200180 
431713 803453 
642627 635443 
897183 970342 
548254 511556 
735603 282609 
813360 151114 
775668 653770 
919105 411412 
610749 858709 
334097 184495 
809903 44423 
624506 73661 
22243 843659 
386876 234696 
536462 322474 
836620 74149 
236080 804618 
217362 217350 
14264 740199 
537694 25420 
248377 476451 
715705 855167 
792732 446775 
951366 615927 
896161 784465 
508497 318180 
662813 902579 
649857 160636 
817085 751972 
397066 500465 
315823 40973 
644023 100870 
333559 138824 
223594 946662 
553929 897263 
308440 958506 
620308 524608 
95491 922324 
510282 312905 
998165 167603 
912107 786130 
496830 231551 
680623 241058 
468067 806497 
797717 240118 
673170 977826 
338255 55275 
14245 430510 
587417 722821 
462657 876866 
500702 299703 
115885 687996 
153474 438721 
590318 485719 
490083 841281 
426162 521451 
32629 403336 
869746 831962 
800838 694707 
943726 217116 
72294 50143 
760221 44273 
111771 551399 
377499 632304 
137633 198333 
391980 16477 
932562 572979 
59081 984202 
483340 495544 
621716 196127 
316442 445755 
819545 107673 
668745 608136 
951776 505777 
609499 862595 
648334 562429 
754986 65928 
56976 599957 
491712 203865 
367220 871330 
458460 349845 
852823 407350 
339412 505978 
985286 714444 
669983 417082 
911336 826563 
46511 712608 
806923 964136 
235814 332176 
896026 511139 
727175 640242 
558993 3128 
575005 110964 
982776 524968 
151582 652016 
442228 536888 
483078 99739 
318401 377231 
131445 202587 
889197 746262 
438681 913055 
731684 427922 
93465 880506 
669303 979720 
166197 275971 
247519 65060 
479533 526535 
484959 716244 
914212 177121 
874031 855018 
291533 811213 
68867 454866 
945825 493943 
707780 658775 
41657 138737 
754921 959952 
925982 989457 
806969 734477 
368763 808435 
369861 257551 
660926 194772 
534210 469058 
462059 836949 
616862 613021 
49849 827292 
302558 99613 
207849 318827 
532998 104211 
482750 584567 
822937 107128 
511330 925288 
321225 828617 
582486 849530 
60151 965434 
50816 79789 
14163 46659 
207255 345356 
404980 506714 
356334 917709 
935513 176812 
690306 984881 
906825 24185 
484072 808435 
367677 558508 
847041 231385 
892150 379445 
336611 433693 
93165 833703 
52770 910124 
463226 453994 
292052 532473 
282320 956417 
509783 935583 
344350 497541 
186846 333506 
240662 815489 
924281 406140 
996330 333258 
71305 426535 
789778 804060 
840409 768007 
898820 468189 
856904 988219 
11664 45282 
68054 798603 
133143 744824 
257986 975146 
281596 799726 
994998 944222 
553083 680436 
101682 978184 
354815 387599 
383709 12677 
65014 692107 
246595 522282 
9170 136922 
255466 621105 
918124 921549 
489567 157847 
934840 860422 
124759 825754 
462923 359826 
608826 539467 
828751 827120 
413321 688978 
657870 825575 
450264 598272 
162916 133635 
6683 334812 
199889 541461 
337296 946290 
311061 18257 
855479 49125 
645274 131491 
969430 224755 
466942 895907 
512512 790679 
953508 616154 
700942 748633 
280277 621165 
922513 692053 
342985 563877 
85486 768640 
548536 250329 
287870 237934 
964438 320160 
935479 604352 
358792 233589 
942926 764604 
714388 729982 
807962 422903 
735168 971927 
181615 419203 
559587 982398 
172524 612005 
968939 972350 
287763 442393 
302007 835931 
504913 79211 
304347 163648 
441853 224585 
600816 916360 
265049 691267 
132426 696692 
303860 985210 
426310 996971 
92708 144772 
199724 772992 
686270 142038 
247995 66764 
108744 674763 
755788 538075 
443192 733872 
197152 538234 
112422 485745 
925918 917628 
575345 829997 
774546 802504 
690334 450315 
459086 872696 
407418 476043 
870488 301834 
931753 988640 
78672 247993 
28258 942827 
96578 197139 
323267 163995 
274360 182745 
399918 423374 
655524 397368 
568125 480561 
798753 649595 
747534 815258 
45314 595278 
841702 485673 
710961 122934 
160733 442168 
521377 797377 
531157 170533 
164341 82223 
928410 797860 
641123 361968 
600991 860327 
519437 189264 
966051 420717 
991389 288045 
178207 132990 
172445 286241 
862241 697586 
331366 270677 
272720 619078 
858470 305951 
131853 62228 
866673 187849 
189009 675768 
641399 999052 
82777 235701 
429351 113594 
189154 120601 
941810 12021 
45587 196392 
775813 98986 
664868 449041 
47416 924996 
409560 475072 
549988 658388 
530063 778237 
837617 839641 
855085 413717 
356966 537990 
4032 776162 
956875 200075 
676203 956808 
79621 200302 
476461 892134 
111525 403510 
796699 123199 
612865 422944 
431777 887374 
100133 950146 
105854 101655 
519724 2724 
783430 117631 
40676 654838 
865534 30345 
18125 634019 
968725 363806 
502095 718462 
192430 181941 
898077 982790 
755017 573327 
914857 4206 
697064 569401 
929188 867889 
615784 494428 
862653 614038 
141646 651297 
364356 739167 
192918 373951 
144 430032 
562453 163304 
655411 497845 
294640 24022 
742534 778937 
601339 710546 
147612 923210 
398314 463449 
202129 185710 
232931 875649 
46853 472667 
119778 124770 
18557 896334 
696939 454825 
260361 888306 
771240 245621 
155936 817361 
399254 272590 
429573 846859 
161014 170946 
99889 844706 
986017 995818 
713271 956830 
457854 158527 
370472 535710 
686574 263067 
368911 297236 
649566 261219 
320178 241803 
993380 751103 
799753 452598 
827157 40667 
495000 469286 
302850 6481 
928730 165262 
571609 47982 
447965 959416 
919013 857510 
177526 688803 
726354 847808 
120335 477007 
71566 810171 
551832 656680 
824451 558121 
347633 675221 
452333 377389 
784302 777407 
891630 629580 
352543 194690 
162975 127811 
120373 123285 
67497 430862 
503776 976844 
817181 361394 
959358 934526 
587602 828442 
630059 402793 
752801 331017 
405408 697379 
856098 442003 
751821 862598 
697766 355099 
158201 900161 
14847 546178 
625508 913417 
803319 391661 
657582 983651 
229949 764800 
3099 92399 
964796 336188 
323233 592655 
752750 483014 
22987 349508 
197004 46295 
86064 484342 
347963 230934 
313540 683061 
212101 788996 
668188 238336 
727971 13598 
543709 131060 
739830 324496 
806169 295193 
309719 461268 
536324 12811 
325347 120700 
619698 266883 
515008 739525 
211075 539984 
513094 576826 
724567 800263 
36450 631664 
379576 538592 
116539 672986 
882920 246085 
953034 654177 
757544 53020 
117518 125830 
830364 933773 
937168 989216 
765737 750654 
248989 767665 
146383 273139 
655853 930705 
362795 510617 
945824 479652 
519778 923457 
546516 305761 
935446 56483 
319009 594220 
57741 459684 
914468 465713 
241187 636605 
428373 675996 
477322 352079 
408133 507560 
569890 141671 
72810 726550 
130610 171723 
151823 704001 
158972 858375 
709129 345400 
152735 21607 
155633 727263 
115677 194352 
474073 756525 
923328 387542 
423062 406871 
289741 681664 
732038 376957 
517753 887250 
18131 741593 
955623 158960 
648158 604140 
786446 810191 
893610 911888 
108871 809382 
292891 622888 
890724 399575 
658345 816173 
427354 542548 
609207 958757 
832577 135253 
213976 303077 
828965 431374 
116281 341192 
427174 523119 
67466 914243 
694381 469525 
321972 396053 
463468 519410 
727641 472693 
551998 430658 
78081 308520 
300392 694850 
346336 871160 
594549 595492 
441667 105925 
291459 551966 
901830 69736 
56899 310978 
612618 274115 
66442 705630 
537350 242688 
870549 327198 
223529 864322 
667056 214835 
747096 446175 
878594 536453 
178336 305175 
90930 276600 
830406 646028 
796653 362773 
138293 298629 
67659 157052 
587671 1145 
252234 304271 
888568 173870 
249887 862673 
945273 215453 
135349 813889 
46956 202561 
443243 591556 
291817 569888 
121729 914526 
444189 490074 
680802 243817 
834319 411674 
11132 111630 
182107 679819 
721905 65895 
507017 439585 
105721 859095 
813447 609307 
633279 526191 
694385 537552 
648427 117513 
50415 332237 
920889 384497 
244117 875018 
428732 708577 
67498 445638 
847120 559692 
748630 225938 
354302 754761 
284187 340056 
330246 454715 
410911 193590 
677552 632946 
930063 572040 
285996 751347 
895910 568619 
785082 888063 
678949 109267 
467040 543130 
402320 798447 
505424 669379 
259848 276052 
616101 814997 
671015 757804 
426231 671238 
512161 892430 
77927 732345 
532820 113364 
317011 10690 
675022 107351 
258274 825201 
169673 707127 
692302 530617 
93565 558417 
318778 715956 
85280 309534 
345395 54420 
643912 241575 
164306 493641 
629053 499604 
857952 601878 
775383 869964 
498405 703063 
386811 146979 
283128 539190 
182635 550727 
69405 496812 
920147 923571 
460893 237968 
530887 630652 
381884 324951 
453135 842618 
891114 956217 
150353 997711 
537824 221664 
514023 197570 
574375 530096 
338558 154021 
647078 452629 
351313 520952 
650243 644572 
323041 360067 
647811 771945 
89798 235302 
732601 832103 
161138 255468 
663610 299852 
614054 418433 
616713 102181 
359733 39036 
84535 780041 
159609 559142 
512262 589883 
177260 215071 
701283 466719 
155974 470456 
964599 25517 
865782 207286 
867195 950080 
2782 771180 
238797 477180 
970687 353033 
431333 425048 
792206 609512 
84817 532291 
219948 666832 
458867 184112 
384790 176482 
146012 37307 
29319 766929 
779882 493329 
397015 646702 
121590 567586 
418432 588475 
513841 135730 
229360 860342 
775297 422634 
215244 610829 
217915 501764 
160800 578314 
730544 266395 
312159 457621 
250461 502114 
40493 577799 
74134 975055 
756308 268656 
318150 161362 
13417 505654 
529383 354649 
598985 154416 
280325 436508 
397744 898914 
55079 721903 
34558 829713 
995874 670593 
659076 100865 
242664 458953 
623382 184030 
995234 905273 
932267 623684 
271851 1315 
102363 420579 
678752 792413 
94736 229558 
183160 379395 
507462 925804 
998516 62777 
93337 717047 
415451 489295 
592929 362998 
921724 427711 
548120 262477 
458348 469959 
607649 764564 
36374 348319 
207689 644674 
43856 99697 
612424 11052 
753356 667437 
620546 532860 
779075 921270 
799396 455244 
288565 926663 
440257 402490 
659407 670031 
217329 650173 
470757 22500 
162633 383725 
276144 153114 
389673 244636 
598563 51219 
846882 557294 
455311 419773 
135486 122316 
775258 770369 
592904 952067 
398620 614664 
664293 785909 
787311 345340 
136825 627479 
51180 188238 
731658 978211 
800621 43087 
174072 641491 
552391 45278 
2023 14285 
91040 113661 
300804 616491 
366169 218109 
771222 940259 
946056 364505 
247057 293288 
299000 307068 
896356 63080 
187168 744149 
917428 220908 
813235 44216 
145411 923008 
10341 807265 
702993 212801 
557993 195561 
808851 367652 
140063 47660 
37228 704197 
446329 464755 
146243 912213 
572068 762395 
588049 347477 
60799 859591 
152694 331783 
283448 918559 
234399 557279 
192431 197007 
108319 523035 
656521 150259 
411290 565092 
511644 214982 
213012 109388 
492300 102719 
413966 527685 
814518 613862 
183364 814295 
864225 34452 
37615 210070 
652706 34568 
993308 530260 
88642 822784 
534428 146536 
832565 932558 
516801 880838 
249199 292693 
292314 932677 
509872 425504 
456154 593938 
329761 298026 
938882 793167 
758161 421512 
352316 390754 
404888 961406 
351603 402446 
925615 818552 
417925 72454 
747345 628149 
306461 706736 
124429 281883 
618390 285007 
118677 604708 
337442 396867 
160209 645532 
467487 60969 
707779 647630 
731847 156758 
637133 299406 
128101 997923 
103612 416395 
366079 701476 
720947 962898 
430241 65403 
241134 752335 
499842 853063 
433516 112993 
85507 124552 
360989 157961 
861269 360823 
352396 721127 
987343 287704 
452928 374065 
921862 744684 
915686 951297 
453954 612293 
817884 182060 
899209 11378 
235454 284209 
702558 897517 
582029 167722 
906493 429145 
645480 586019 
222966 391551 
800572 223431 
221520 96098 
124075 332504 
406439 31629 
589242 401077 
913812 443915 
889523 217411 
34087 903221 
444808 889511 
16015 172184 
911465 963 
190190 539273 
573075 685706 
666551 737899 
880313 431573 
454454 22431 
9645 105238 
744472 357029 
587490 958347 
938657 22265 
221078 665171 
545753 480424 
489731 924421 
753722 808186 
194493 847576 
221535 349390 
213050 743152 
159309 510500 
984348 953036 
691509 192794 
290407 878647 
425552 265683 
336593 121867 
233072 250851 
55564 865084 
472365 55351 
285138 325775 
313267 83144 
403271 783297 
887750 425616 
342043 728596 
521829 385716 
729012 512459 
911152 736876 
690045 599117 
366492 646917 
747194 105632 
361965 555340 
600408 73593 
883044 334755 
231783 580143 
470151 842272 
69328 204827 
530543 841377 
38465 489648 
529449 458363 
715558 394979 
415180 936164 
116996 365916 
951775 497536 
100208 210191 
689745 558528 
190963 527947 
212429 300842 
260092 376177 
421780 864821 
54028 54743 
78520 687049 
233222 769298 
600410 101713 
498317 224677 
161707 812827 
190508 873578 
230256 916813 
882118 764342 
301490 148137 
747042 546018 
928353 834716 
74763 548597 
281156 393022 
526131 690614 
158534 487829 
944843 988381 
721795 213636 
590235 83586 
837649 369784 
961778 607032 
399602 125118 
861396 484375 
895066 380014 
903589 620533 
305832 130917 
322084 276369 
943221 720488 
256436 932550 
372350 87882 
41767 987208 
7413 602975 
207390 619425 
682392 967158 
31917 430047 
811489 695723 
16763 745043 
948135 305331 
702222 254228 
812973 638494 
183718 752169 
715627 548006 
351356 245862 
206332 831935 
332860 392665 
523486 232477 
255333 385596 
727395 328528 
583184 589687 
870775 130336 
564762 958984 
653513 593416 
555141 259934 
720244 152609 
909497 921209 
763357 745925 
767224 739500 
778903 23322 
987202 916541 
317717 873994 
232743 721998 
632045 796878 
131820 500920 
976508 174141 
801547 609501 
888555 959178 
905283 97474 
254854 344597 
646949 285977 
430043 743556 
947721 362566 
661898 528514 
739593 354953 
708485 520170 
504158 385685 
218060 936423 
462087 304364 
448184 629678 
11678 285012 
202043 745227 
45334 938073 
196822 998785 
586739 327933 
573094 996358 
795976 979953 
80000 561528 
601437 364383 
186851 417475 
509591 704990 
781547 465830 
209441 74945 
610852 597674 
109858 397849 
658665 195205 
822993 58071 
10278 749961 
605504 711799 
218421 5623 
517574 875225 
911138 499714 
700451 491038 
891545 201322 
626971 512627 
724450 836353 
601583 810139 
8722 591872 
593117 532216 
965193 2486 
791191 560362 
10219 763893 
764962 730440 
512349 63080 
192811 582894 
708865 907653 
938413 913789 
64579 384469 
783049 720842 
207991 712005 
684007 122053 
354690 281492 
38769 598053 
479912 897450 
453717 627881 
798402 756926 
658396 678044 
894735 823049 
996335 418009 
494013 876570 
512056 140474 
949438 214156 
324838 568968 
646274 932217 
771557 569015 
449439 734649 
256537 621504 
621644 983228 
116187 755343 
56700 972288 
249885 821694 
213415 865986 
643258 244634 
576657 876950 
907585 795575 
239813 553011 
457605 979974 
424618 564953 
170589 105642 
526616 847327 
25177 155068 
240185 798117 
956419 536056 
507937 911417 
186034 686462 
379494 169439 
764343 322316 
170191 412805 
14019 621972 
485110 260487 
7609 888892 
610818 25159 
857580 357320 
484215 206254 
520595 650306 
698510 859281 
950780 767827 
871971 228624 
498545 49698 
282595 579970 
562733 869354 
248186 267318 
829517 693248 
433987 35979 
707645 394450 
528791 406919 
98753 742824 
654194 41094 
667085 698341 
20109 987375 
825094 363613 
257908 674520 
674274 529257 
222825 20873 
820703 570891 
968709 104981 
415903 94851 
173917 36633 
698826 170287 
19965 561890 
686095 207001 
78224 714440 
594921 838156 
900690 913147 
275937 675052 
602009 972636 
103985 692611 
727600 788715 
938541 59130 
808451 648573 
581262 277660 
643270 441068 
43601 814932 
567247 720467 
896431 325833 
283134 640464 
281613 83596 
2112 504864 
252018 680904 
970329 333459 
456961 147535 
629738 16529 
816245 636176 
211615 629247 
764883 396232 
476378 490173 
352921 555329 
422617 929660 
796940 179708 
358450 484307 
757605 72499 
492877 786310 
513848 259653 
998697 115014 
41486 259071 
215000 515283 
361842 481054 
88115 950209 
169380 771686 
726957 969151 
523322 481462 
933574 581213 
454123 447974 
115435 124819 
849608 367906 
403681 677734 
682232 288466 
250858 174446 
924086 117210 
950854 19474 
315816 920987 
38193 915676 
768387 284307 
360308 705651 
878955 604065 
531652 488156 
447908 994887 
70464 301997 
676618 921697 
977272 22261 
153763 308656 
584377 630639 
158722 656459 
122978 892756 
566106 553978 
720167 849174 
80108 388429 
335786 559137 
428496 740937 
933496 282709 
493541 946548 
637447 581391 
455167 7451 
243047 893856 
45095 924781 
802902 390011 
926940 83493 
272977 940565 
78949 896708 
975197 147709 
560588 813584 
919722 772179 
17751 341180 
220941 370864 
111621 24617 
744908 676006 
649290 631898 
323878 426909 
64397 331872 
784162 420974 
310536 178725 
842972 839945 
960523 511359 
421636 447749 
318151 173853 
947727 451748 
534994 651160 
57847 237624 
748413 593572 
167606 968230 
43609 942596 
211647 154483 
397383 825010 
945381 32243 
922875 766568 
712631 190752 
971880 387630 
910596 399650 
926514 936288 
202552 292624 
146823 667391 
848099 16245 
44985 70550 
738598 621471 
79034 336838 
243593 83047 
771363 312941 
599598 452008 
914301 672818 
60723 588142 
918245 957955 
358966 151471 
781866 830062 
867123 740804 
704523 926032 
830964 13026 
929930 348248 
7336 299493 
588775 553013 
502920 583767 
379434 149217 
892894 879330 
914944 474037 
151367 26936 
717214 218911 
245773 708576 
50804 875536 
140968 258960 
356112 185994 
8135 736320 
344953 640109 
320315 539594 
961828 451278 
643885 782434 
368426 151809 
460413 176854 
398327 682423 
497903 267019 
804972 170185 
305928 733984 
75692 158909 
791093 900960 
447613 34244 
553441 691393 
252950 334238 
543488 403854 
578218 112669 
643292 824349 
843700 74376 
40157 930385 
984663 241823 
324913 823347 
996806 330837 
380101 370759 
351987 857558 
977898 532246 
460234 162199 
94636 557156 
136287 589306 
478072 960376 
47908 192827 
849718 226676 
759903 697361 
547214 40118 
276570 317842 
973207 692892 
448333 146380 
223598 21654 
949015 107460 
94004 934175 
687231 306121 
977208 940485 
737611 29811 
45842 477549 
182070 55517 
84083 184949 
444643 129823 
950387 157104 
453847 814310 
115663 948971 
369802 262858 
865742 536347 
395693 417019 
844273 701452 
305672 436321 
256240 630753 
78750 558949 
265461 612321 
286926 373242 
81773 372434 
508759 727204 
133452 938864 
494927 247668 
569499 571739 
229638 527175 
232215 853837 
454309 583429 
704885 18235 
476010 307929 
365622 21194 
217157 769647 
461680 461245 
146978 270927 
471779 193937 
515171 485282 
139440 577591 
573477 437796 
51743 651148 
860528 906909 
427030 106446 
40017 569224 
954745 405354 
790663 677190 
543005 299437 
647075 400193 
48132 965293 
694359 104081 
296493 161138 
254208 486026 
647395 771383 
642908 364284 
527998 62513 
672315 598978 
36207 533573 
773722 946152 
982560 895529 
160020 461875 
736799 394374 
255214 394192 
200277 65506 
974417 31662 
143733 721829 
795284 347112 
915526 256803 
98101 789546 
915865 946495 
754703 302729 
975272 400422 
893572 268271 
835788 94501 
281992 443585 
344118 591471 
860624 517646 
87670 482201 
365018 861588 
725924 610772 
259177 991179 
753226 478503 
211194 547111 
299628 850940 
761449 687668 
652499 552804 
988270 856943 
652553 465273 
847452 125853 
212784 264715 
80026 10612 
371259 753375 
990071 134325 
606662 172113 
717865 172893 
822502 807654 
241698 220199 
892133 79930 
385459 418013 
552616 831527 
484709 512662 
310512 780543 
594925 907967 
217761 912621 
435113 958809 
717951 610613 
577260 16551 
188232 627246 
132579 270017 
191677 526358 
506986 930166 
311091 508673 
276360 789824 
579841 392121 
389964 134496 
487830 967289 
238757 797859 
622214 566672 
58532 761608 
353792 183870 
306258 283561 
811273 70008 
637188 223035 
560168 760022 
698931 941919 
834454 671859 
940508 128233 
212355 63078 
164284 127656 
527466 127922 
1833 807555 
586953 922576 
747650 765237 
342918 439329 
815321 106710 
487030 524287 
699264 538164 
929865 257494 
717340 341344 
978539 315902 
380081 22650 
682708 288432 
678680 578293 
374585 664715 
870895 132321 
930969 800402 
357259 452746 
315004 272762 
314819 173222 
352278 752631 
471332 681460 
313097 225744 
88358 35769 
183235 640004 
562074 786261 
692565 947241 
287397 287470 
513126 119976 
447064 809624 
355606 677940 
147107 434957 
327889 843551 
569898 290262 
449256 649197 
62015 290492 
310935 893085 
84487 979936 
788452 515844 
791975 729668 
541723 749866 
3548 636558 
631837 286070 
990050 776253 
489779 717412 
557030 6247 
1810 422373 
823171 51039 
822757 92880 
47604 91498 
809416 854801 
641464 86041 
103096 747690 
428874 89664 
992625 53257 
104607 131235 
672519 32931 
476897 213977 
316155 628609 
47868 520651 
595246 307974 
134673 450408 
18537 566210 
301497 266730 
939146 233465 
853802 856664 
963313 415667 
118210 771459 
927583 897594 
874820 105718 
816034 92536 
268824 140253 
240850 980942 
698074 534755 
628688 370101 
303807 92010 
413162 28364 
729102 18268 
44666 712077 
892728 81129 
551860 125166 
676449 92708 
144530 122053 
349227 468116 
626254 460261 
608381 63938 
616575 780308 
649511 341284 
973946 125416 
880924 691716 
680114 687275 
31742 503236 
887932 484592 
544228 846803 
219142 124294 
21784 135930 
580063 133580 
81888 303614 
852597 607272 
429455 852997 
331031 647853 
474980 997769 
505790 815301 
780272 45887 
226298 402261 
816691 142204 
26552 269999 
888257 937849 
444250 523202 
458063 679978 
403634 883616 
937483 283239 
397922 881168 
792327 641136 
584628 851063 
831743 115690 
417168 354902 
840048 692584 
270791 191096 
767095 568230 
250338 438786 
681103 301866 
470654 286118 
794342 520127 
781925 815520 
447717 784948 
635884 312731 
76910 635876 
180755 955189 
863328 963580 
901264 554569 
650217 205544 
579277 923913 
210011 660995 
355281 220511 
137443 20921 
628447 322929 
482802 467796 
256942 434554 
554668 306332 
522279 954691 
502379 486818 
957537 325385 
746653 11993 
580552 352559 
463174 566797 
168388 113149 
703365 462384 
296421 957888 
240046 456976 
400162 538002 
200724 583853 
829832 995191 
182414 839079 
404916 428366 
553733 593995 
285736 375773 
617777 989481 
210676 848203 
758098 358190 
102268 829259 
363364 73462 
680712 732709 
649722 891670 
302311 946198 
761370 352365 
201237 195153 
937361 241965 
712018 901033 
664918 290274 
649650 674262 
336290 27120 
816049 343051 
661885 311011 
172923 327444 
362669 385875 
409410 968756 
888713 610008 
411816 398128 
347787 271744 
218155 532712 
303970 832695 
105041 433723 
584199 646069 
486290 78051 
812469 172304 
918318 183674 
18118 523401 
813627 638182 
941130 586328 
423291 253336 
824168 807390 
805625 154964 
483854 140004 
54854 942651 
146655 842494 
809620 297620 
114468 867275 
296129 55427 
574939 16337 
581575 542185 
509531 695123 
934592 688686 
748318 987233 
431203 242665 
479982 65418 
495530 388138 
450840 275601 
32568 381345 
270757 622174 
890661 350544 
596298 989997 
880971 487580 
757790 192489 
163658 603608 
847590 451615 
297286 498312 
139730 450554 
472660 1976 
217983 647247 
294548 484481 
681153 144797 
616588 1740 
248151 682665 
562129 708864 
893182 725043 
799549 20485 
297847 927514 
735347 987129 
692951 436843 
26712 953818 
826567 114937 
747489 64255 
942239 219771 
692342 207105 
825359 815651 
660231 517656 
260469 705026 
374926 397851 
693759 10647 
957258 645263 
938571 562953 
553563 741190 
183505 168569 
140890 938237 
959750 521058 
422423 666705 
325383 719989 
862749 233220 
731559 325196 
572849 887381 
221059 340510 
963688 704843 
306309 141112 
669795 256372 
849443 594773 
356133 532710 
263688 807699 
4448 761494 
431228 663137 
347650 961353 
473868 307968 
33125 747607 
39482 580748 
646591 271287 
535251 963764 
982936 216339 
23858 988239 
342845 198325 
262868 37586 
711561 221752 
997965 814505 
388306 264310 
268909 567423 
682669 633865 
384231 771566 
712152 144047 
387 508799 
401509 166203 
382214 872993 
407309 655074 
841783 855914 
346909 502744 
625830 330094 
895720 368784 
165787 385267 
196562 625950 
346832 210657 
526234 425031 
510840 694491 
317879 601398 
704995 865125 
157869 318676 
999704 32180 
862824 499315 
994161 864983 
780641 241679 
905508 889209 
945529 522305 
380164 422693 
214554 13308 
683479 243859 
545509 382020 
622366 107769 
273738 720040 
713225 181582 
850712 917732 
323004 744241 
465413 211563 
745517 912459 
710066 79431 
12027 138479 
418400 55382 
817402 79209 
275624 419966 
370320 978600 
345054 336146 
611308 257756 
114617 373763 
851236 727124 
783490 117325 
888507 145063 
81485 520649 
550831 831027 
74469 610910 
564465 972828 
323300 709462 
932043 851280 
479512 168753 
234974 218939 
723432 722862 
154828 210387 
991002 776020 
583129 657394 
826376 913145 
243747 660129 
797319 544644 
832338 113478 
233094 618134 
992423 667249 
464407 289035 
820793 82570 
755565 784173 
606185 152292 
578675 798344 
776618 629667 
822202 755161 
997193 825534 
750516 936172 
246664 683990 
820754 412922 
987798 925990 
124947 989157 
773815 519847 
74849 991294 
693946 166905 
174149 937624 
657023 598292 
509021 129240 
140847 219596 
765429 573558 
791359 380664 
836017 942194 
467852 199347 
425775 13934 
203317 156405 
706154 332796 
302835 754949 
435756 765812 
15020 441739 
318676 992496 
885877 950323 
82543 315535 
203573 452549 
7275 273519 
37052 740116 
139826 61080 
581779 976388 
159430 554896 
153829 419695 
820319 117783 
590100 826250 
788028 393519 
880177 151047 
658367 187597 
947703 59929 
227168 26310 
197642 778650 
775709 351906 
484421 672968 
578466 294588 
150395 705395 
579242 321713 
34902 609479 
520880 445428 
322851 172926 
382808 860982 
537924 900444 
764193 805997 
403623 700823 
740903 365333 
165441 569571 
781571 867080 
20301 204209 
144466 41169 
928382 328278 
373834 42636 
593075 826082 
968258 512291 
83038 636366 
417633 163395 
195883 212223 
845813 588138 
850641 734541 
440193 331631 
738469 460611 
495728 707380 
942169 48797 
140018 294404 
51271 714357 
205732 749223 
200396 56081 
558529 200519 
135586 806527 
312653 768889 
725344 863256 
758640 474939 
314769 334556 
894439 841910 
981845 877067 
865649 971715 
624163 312216 
427199 940883 
423060 370737 
979773 51891 
144379 590621 
583190 682257 
699734 430087 
478522 529868 
502768 37137 
167012 977822 
267817 215182 
566346 579323 
682280 90144 
61111 94415 
833049 63639 
597188 940647 
465359 289726 
435603 183979 
145627 557606 
685306 941313 
658859 448924 
79960 903510 
298824 335708 
259710 946455 
78082 334793 
872747 261916 
34828 370776 
640538 524269 
390522 503959 
55510 968440 
582591 620403 
115474 781687 
816167 322598 
909253 831970 
926741 743105 
366544 521788 
698842 446573 
566962 940974 
953052 956016 
775419 483481 
877155 359875 
429303 303487 
712703 413700 
66655 275276 
580211 608168 
488970 128018 
603209 149000 
258743 702020 
850399 661229 
282976 985642 
690808 424227 
997612 866425 
11628 441415 
875397 803153 
606264 490319 
805087 106648 
437772 647644 
960533 690927 
424647 56261 
586778 985348 
747298 843422 
407058 427896 
651651 309290 
237654 262473 
390110 591984 
484845 794064 
838831 243174 
25681 623208 
258494 512337 
857810 219704 
566504 233205 
488551 76874 
27595 800785 
798337 657775 
228354 955384 
152908 926693 
930289 378019 
375446 130741 
372365 341707 
75312 779017 
948492 310019 
491721 370418 
622889 908192 
991918 169424 
523267 563828 
259452 612791 
184805 22155 
369797 190613 
640420 543618 
596325 442650 
632024 432599 
705471 851199 
106117 523076 
346219 917839 
130309 107968 
624441 993277 
19816 62562 
488065 914174 
534544 95474 
635644 281102 
489953 643833 
903697 437112 
541838 682251 
604205 879845 
559959 246358 
545869 421309 
940426 755088 
775888 353694 
539988 583085 
919265 102963 
508393 573855 
783667 99579 
625755 64296 
631554 541999 
386700 276124 
832561 864946 
161849 206459 
970709 716529 
703903 514237 
797583 983854 
644226 519491 
91722 588401 
270419 938101 
678191 361982 
847686 62947 
954798 300072 
322141 233229 
884737 782785 
280215 587763 
541429 809705 
720916 445082 
495564 950471 
572456 273606 
503197 240120 
707254 824894 
999433 476599 
215564 997766 
466720 178663 
798504 464428 
652249 358003 
969967 249537 
978894 283063 
445886 11320 
265243 939226 
577581 416613 
25909 454270 
926554 606789 
307937 511788 
620925 902155 
519511 422606 
743008 752231 
748379 11454 
518462 799970 
105447 248244 
246327 22973 
118607 437640 
422474 531222 
252537 395089 
273622 767799 
401199 967592 
327204 326963 
267730 746994 
734979 798905 
210782 620242 
412551 759636 
206488 454387 
883374 868420 
551040 345622 
880528 48553 
37858 288900 
544063 82310 
389312 167546 
952985 830193 
64595 657883 
55678 792773 
150350 935444 
23182 625721 
493574 501430 
535089 243130 
290871 671817 
230398 310101 
874657 360658 
594532 303803 
28303 695567 
401042 317028 
292956 716889 
768901 933932 
608386 151687 
418255 627181 
34790 727550 
944344 589653 
312129 963018 
456863 512567 
728106 286696 
510435 896444 
542796 773697 
531206 980571 
456951 988675 
675714 739699 
135867 526791 
778051 717627 
168860 37786 
79976 165005 
239401 620734 
677917 765391 
942416 189510 
100667 913428 
993868 942189 
380361 738413 
513878 764110 
398370 411661 
794389 304126 
448314 823065 
266032 210189 
653415 960116 
671058 474035 
106913 892299 
878984 86162 
127864 20398 
837384 923944 
737383 203311 
64312 901001 
124969 366733 
682866 943011 
191813 813896 
160932 787369 
323550 913427 
981095 272519 
232475 221398 
37747 422718 
621556 504443 
182655 885319 
572924 135546 
130587 788505 
404027 489400 
355263 910595 
372571 805767 
541873 273095 
917983 548039 
893019 976179 
650681 7565 
153362 557950 
481374 459532 
359581 480924 
906178 135639 
694789 325456 
950537 680717 
813634 750452 
850701 744675 
759433 799357 
793696 662409 
119989 661905 
653446 477306 
82711 140541 
83581 749649 
358894 935535 
544949 964785 
148027 891731 
329498 886279 
693092 806229 
302845 931481 
402106 199460 
327395 539546 
162083 130859 
358431 160053 
15504 588395 
159261 706896 
815800 154159 
954613 185623 
780114 384499 
275289 790028 
4730 512053 
79405 560077 
225827 477859 
386214 107743 
843076 590171 
19161 40772 
267938 250586 
598908 855466 
822089 865578 
776699 987753 
179965 679905 
178635 325940 
81242 447290 
604388 951405 
274907 377923 
752594 849605 
319570 26302 
59264 59018 
918007 958923 
626896 255594 
782607 287529 
510644 400302 
879009 520838 
736618 339993 
265711 816310 
730592 61296 
210687 23381 
968410 72116 
68171 758334 
326832 73107 
709670 424161 
880812 818670 
398967 443540 
588920 984142 
480664 531816 
245863 234476 
841821 489599 
698539 354471 
609711 427773 
583118 477270 
484182 656655 
410961 22160 
451645 812801 
760879 106698 
276094 317821 
624620 999808 
787283 869505 
770844 579495 
581809 472971 
232088 712590 
504700 500909 
780692 98682 
556386 183200 
52275 600336 
848985 902258 
258780 328340 
424971 488348 
677083 749350 
337613 263729 
504308 919895 
680012 962171 
209404 466907 
308553 864587 
122459 178407 
500520 251927 
144275 841005 
784499 90059 
628142 183094 
276582 517735 
579854 608426 
831353 554391 
660176 588197 
832749 16962 
85259 960736 
100790 992026 
983483 404106 
810249 856230 
665216 296685 
399658 64791 
945929 237384 
723155 78374 
238295 32379 
198063 853883 
224635 453303 
669933 574769 
156887 803761 
826062 638681 
324494 787316 
420661 56498 
573100 100049 
540131 994867 
735597 194656 
591697 658503 
465485 415556 
255769 724015 
529060 925700 
255333 388148 
608713 655863 
103127 271806 
251470 466881 
874659 409612 
363397 615094 
884878 154637 
990752 581102 
591760 715908 
272965 739427 
557793 839927 
666807 29708 
309500 766948 
96498 854549 
410325 337789 
220179 561468 
608381 60596 
449939 136836 
805905 849674 
478374 37365 
5690 632151 
566248 931887 
240952 681033 
125641 656474 
362245 266016 
932016 405811 
480149 869419 
328115 640553 
785505 990352 
854009 338264 
206058 221272 
922647 940858 
16417 930340 
238442 508337 
624258 909218 
239021 229298 
817079 656600 
477580 694008 
205315 739418 
407378 815177 
688119 232822 
55964 590346 
946019 753555 
12701 475021 
693752 898214 
285394 619204 
970775 828820 
985892 898233 
612982 396402 
342746 547392 
24149 872895 
759483 636856 
652406 987937 
270606 83981 
475975 721687 
396064 648930 
570375 306961 
104869 537222 
106496 894351 
365715 587321 
112405 195066 
480929 980356 
850795 322033 
411407 518413 
975885 702506 
30238 222036 
763943 592123 
827731 683247 
336873 829366 
160338 807308 
440714 96249 
671268 15647 
981417 679515 
612632 514737 
195739 791261 
735656 171403 
770733 713923 
919249 832319 
800141 986208 
203455 475742 
798132 214423 
810780 792989 
771666 390783 
894999 252312 
623695 449658 
408323 699678 
492926 617619 
326167 901371 
357060 118204 
667298 291161 
546361 700214 
506556 688223 
975739 258308 
384388 413098 
951793 785578 
216963 508469 
849201 523934 
764857 958002 
149469 125762 
697434 786637 
21938 713419 
445984 656759 
164435 668980 
557267 998908 
662120 255517 
481223 921041 
946459 139065 
277238 549417 
63744 357142 
500756 212187 
238142 468116 
631005 303698 
260811 464568 
6288 688534 
205593 412167 
306865 484004 
666685 977454 
76079 672546 
482955 31253 
275608 157391 
277528 420041 
633128 995331 
530606 910882 
203366 979348 
904577 232424 
364207 229963 
994199 507207 
639998 458813 
276684 235944 
517400 956466 
339965 806460 
178902 810285 
471555 429196 
498327 390330 
290531 955077 
979200 424925 
720394 663160 
732715 752068 
11325 353109 
713973 758534 
681644 403683 
709055 96461 
220965 768686 
308930 198749 
389764 767451 
563691 956785 
696301 742514 
438991 125973 
237771 220482 
645486 687096 
33499 34287 
267026 912303 
79411 677316 
661893 445586 
965190 960959 
851687 318522 
412619 900932 
967520 111706 
456162 716351 
712305 720871 
685595 805527 
498794 246354 
475353 265837 
936473 317400 
543079 531425 
667996 11986 
458649 519971 
154675 632342 
785899 604863 
936423 465554 
575604 181341 
811687 27564 
283931 42808 
482297 973642 
7026 88243 
100238 704387 
643378 256598 
653544 115153 
390250 933133 
172639 547724 
604694 103504 
600842 361524 
134439 521993 
151930 497156 
702378 882980 
251405 376535 
424629 742940 
602967 81879 
147916 39840 
594992 43730 
981576 356978 
742258 140303 
75071 725318 

